2.575440406799999749e-01 0.000000000000000000e+00 0.000000000000000000e+00 0.000000000000000000e+00 9.907883641959148308e-03 1.979190866596081122e-02 7.465576471728753161e-01 6.649524747234171196e-01
4.277038574220000111e-01 -1.627720296382904053e-01 1.362646460533142090e+00 -1.257240772247314453e-02 1.034912945571299717e-02 2.030016150949609521e-02 7.466682336253077645e-01 6.648062483589184390e-01
5.692603588100000334e-01 -4.520721137523651123e-01 4.079445838928222656e+00 -2.802419103682041168e-02 1.126665711594275476e-02 2.044415724518855448e-02 7.467792034534691537e-01 6.646622602204582675e-01
7.208893299099999874e-01 -6.116343736648559570e-01 5.437543869018554688e+00 -3.429937735199928284e-02 1.114209291027304372e-02 2.094728762734299199e-02 7.467725660057916715e-01 6.646561513803671550e-01
9.964590072629999629e-01 -7.703847885131835938e-01 6.786912441253662109e+00 -4.052268713712692261e-02 1.127506610902684336e-02 2.199194321019604104e-02 7.467506075630523377e-01 6.646448355492493576e-01
1.185355424880000008e+00 -1.289919495582580566e+00 1.094611835479736328e+01 -4.433324187994003296e-02 1.110410154647466750e-02 1.933455819819829280e-02 7.469219900737791296e-01 6.645377450020062415e-01
1.488396406169999908e+00 -1.618713259696960449e+00 1.370013427734375000e+01 -4.826487228274345398e-02 9.572067795875145377e-03 1.680074789771923705e-02 7.468760180292837170e-01 6.646821225825989554e-01
1.643083095549999983e+00 -2.077631711959838867e+00 1.783835220336914062e+01 -5.653129890561103821e-02 9.260795931843406742e-03 2.058638004201285288e-02 7.467394396915522092e-01 6.647335163993319807e-01
1.852452993390000024e+00 -2.232603788375854492e+00 1.922150230407714844e+01 -5.519165098667144775e-02 1.084442793685098765e-02 2.072757555913251615e-02 7.468414123431961205e-01 6.645906039084389372e-01
2.129304170610000213e+00 -2.567105531692504883e+00 2.195836448669433594e+01 -7.178542017936706543e-02 1.200005505899794447e-02 1.917513672869541885e-02 7.466480976065268393e-01 6.648345141090158394e-01
2.356779575350000044e+00 -3.052472114562988281e+00 2.614951896667480469e+01 -9.158646315336227417e-02 8.834763764804517278e-03 2.145373839456865550e-02 7.461691339219935770e-01 6.653520178373396599e-01
2.530892848970000220e+00 -3.477168083190917969e+00 2.900570487976074219e+01 -9.871441125869750977e-02 1.182495515547479607e-02 2.172818788298547243e-02 7.459273080137588385e-01 6.655678083007318113e-01
2.712031602859999779e+00 -3.863014221191406250e+00 3.182699394226074219e+01 -1.232071220874786377e-01 1.233219858328613722e-02 1.976882841964267001e-02 7.453652381841675556e-01 6.662490315247565631e-01
2.916981220249999840e+00 -4.168476104736328125e+00 3.463449478149414062e+01 -1.260218769311904907e-01 1.237854885317512567e-02 1.860184219975236086e-02 7.453624449306459621e-01 6.662849005358558729e-01
3.101694822309999822e+00 -4.503256797790527344e+00 3.747856903076171875e+01 -1.266160011291503906e-01 1.096227532741329141e-02 1.904534792560597101e-02 7.455257315156422759e-01 6.661144698098854233e-01
3.261054992680000097e+00 -4.662334918975830078e+00 3.891729354858398438e+01 -1.355356127023696899e-01 9.936754178329483891e-03 1.807253339646119894e-02 7.455864539147207815e-01 6.660896968065974644e-01
3.424077034000000186e+00 -4.993510246276855469e+00 4.184774398803710938e+01 -1.182932406663894653e-01 8.164427903358964164e-03 1.629683295784456476e-02 7.456556968768595084e-01 6.660820798277339305e-01
3.564880609509999854e+00 -5.161849021911621094e+00 4.328605651855468750e+01 -1.205331385135650635e-01 8.012319037921353942e-03 1.616984413240196705e-02 7.457526369543551192e-01 6.659784856585044821e-01
3.754145383830000071e+00 -5.485533237457275391e+00 4.610002136230468750e+01 -1.276054233312606812e-01 8.732008463665964434e-03 1.660969123094613309e-02 7.460690636661353459e-01 6.656041033720713207e-01
3.936504125599999959e+00 -5.833678722381591797e+00 4.896436309814453125e+01 -1.392994523048400879e-01 8.425661903738624822e-03 1.716802507304138192e-02 7.466793068331574190e-01 6.649092267999676675e-01
4.093372583389999875e+00 -6.011851310729980469e+00 5.039682388305664062e+01 -1.406506150960922241e-01 8.388903553967855600e-03 1.698447734506403073e-02 7.469670771427884270e-01 6.645911069907846080e-01
4.259103536609999630e+00 -6.386974811553955078e+00 5.335835266113281250e+01 -1.435750722885131836e-01 7.864367189119073412e-03 1.740056948147750138e-02 7.477558829406067975e-01 6.636991121269856242e-01
4.491019725800000195e+00 -6.565689563751220703e+00 5.481279373168945312e+01 -1.416686773300170898e-01 8.079809772858045219e-03 1.835891798547373277e-02 7.479548422792061668e-01 6.634464716279112606e-01
4.666252374649999979e+00 -7.111784934997558594e+00 5.915460205078125000e+01 -1.417192518711090088e-01 9.645730664034523477e-03 2.018791281275911231e-02 7.482477614328035820e-01 6.630420013596570739e-01
4.822768449779999855e+00 -7.291951656341552734e+00 6.060127258300781250e+01 -1.525713205337524414e-01 9.765564203394279733e-03 2.069773695324739204e-02 7.480962735378491324e-01 6.631954485365435525e-01
4.988829851150000216e+00 -7.707902431488037109e+00 6.356571960449218750e+01 -1.923076212406158447e-01 1.126704334321226506e-02 2.253155010961782612e-02 7.476307069468642874e-01 6.636367297054104331e-01
5.168282032009999583e+00 -7.918443202972412109e+00 6.504832458496093750e+01 -2.093410640954971313e-01 1.241244488724862344e-02 2.311380908670235268e-02 7.473865421232593897e-01 6.638712523482710459e-01
5.384918451309999909e+00 -8.329160690307617188e+00 6.795445251464843750e+01 -2.007820308208465576e-01 1.183310644694139310e-02 2.221386805367897566e-02 7.467305517445180785e-01 6.646502875567243951e-01
5.595599412920000404e+00 -8.775860786437988281e+00 7.093291473388671875e+01 -2.453730404376983643e-01 9.414301860493095100e-03 2.132761082023171273e-02 7.461655860070788293e-01 6.653521039238495804e-01
5.740735292430000136e+00 -9.154010772705078125e+00 7.377907562255859375e+01 -2.564021050930023193e-01 6.844416006101643364e-03 1.863087243731986753e-02 7.456403065764197757e-01 6.660529842064987216e-01
5.950308084489999594e+00 -9.525659561157226562e+00 7.666766357421875000e+01 -2.776188254356384277e-01 5.659395953789357614e-03 1.671333242642003558e-02 7.451421076928679277e-01 6.666722396347946056e-01
6.134163141250000173e+00 -9.889969825744628906e+00 7.953155517578125000e+01 -2.872642874717712402e-01 5.941339836014480208e-03 1.717556025350253091e-02 7.449188132655790717e-01 6.669075365100711750e-01
6.311901330949999611e+00 -1.007366371154785156e+01 8.094132232666015625e+01 -3.029801547527313232e-01 6.890999780267480050e-03 1.751876478094516187e-02 7.448288069213803153e-01 6.669899964637032719e-01
6.467839002609999888e+00 -1.038544750213623047e+01 8.376634979248046875e+01 -3.050235807895660400e-01 7.088838463822831788e-03 1.786040258688903481e-02 7.451148790226479468e-01 6.666592618780100565e-01
6.650655746460000017e+00 -1.071177768707275391e+01 8.660735321044921875e+01 -3.169854581356048584e-01 7.246222843786673425e-03 1.788794651783454093e-02 7.456392960018616289e-01 6.660702319438405183e-01
6.772031307219999796e+00 -1.087390613555908203e+01 8.804708099365234375e+01 -2.964002788066864014e-01 6.795002316089616794e-03 1.820110558824006297e-02 7.459610269090743984e-01 6.657061619300584931e-01
6.954690456389999831e+00 -1.123823738098144531e+01 9.087326812744140625e+01 -3.082357347011566162e-01 7.737920254508515519e-03 2.024692481739953642e-02 7.465935172915596496e-01 6.649272941937269810e-01
7.058101654049999674e+00 -1.138458251953125000e+01 9.227471923828125000e+01 -3.151696920394897461e-01 8.271017557868831291e-03 2.074501404561479578e-02 7.468784111717864382e-01 6.645854900509885477e-01
7.171740293500000085e+00 -1.154840373992919922e+01 9.368407440185546875e+01 -3.290165066719055176e-01 9.059899224235305401e-03 2.127133187985419394e-02 7.470822616070466049e-01 6.643293934925684763e-01
7.267361879350000109e+00 -1.171332073211669922e+01 9.505256652832031250e+01 -3.258687853813171387e-01 9.351700174688419229e-03 2.128833257761486575e-02 7.471486007436843879e-01 6.642501945853402923e-01
7.412589311599999675e+00 -1.189127159118652344e+01 9.644313812255859375e+01 -3.404053449630737305e-01 9.576339248382009089e-03 2.104186252792439316e-02 7.471050633262683593e-01 6.643038146060944449e-01
7.574515581130000008e+00 -1.222555828094482422e+01 9.916817474365234375e+01 -3.357471823692321777e-01 9.512702231571253109e-03 1.998305609882622402e-02 7.469926625312173218e-01 6.644638049508245770e-01
7.695939302440000240e+00 -1.239242649078369141e+01 1.005455703735351562e+02 -3.428516685962677002e-01 9.002563951440636231e-03 1.962837669814065933e-02 7.468933789816111224e-01 6.645930793379719592e-01
7.787712574010000388e+00 -1.255033111572265625e+01 1.018936233520507812e+02 -3.439688086509704590e-01 8.077879863756003836e-03 1.964217628461317755e-02 7.468589099405269494e-01 6.646432888476030421e-01
7.901641368870000015e+00 -1.271859741210937500e+01 1.032469711303710938e+02 -3.495919704437255859e-01 7.275669191664372107e-03 1.980042732584763598e-02 7.468161733904954414e-01 6.646958784872259995e-01
8.006942033770000577e+00 -1.306149768829345703e+01 1.060179977416992188e+02 -3.572317063808441162e-01 8.914703146838127978e-03 1.856868239023423683e-02 7.466952928473732376e-01 6.648472544439587573e-01
8.193477630620000340e+00 -1.324222660064697266e+01 1.074006271362304688e+02 -3.613072633743286133e-01 9.697562769581929282e-03 1.859501434917620877e-02 7.466766902229703406e-01 6.648564529245046817e-01
8.306647777560000279e+00 -1.340159416198730469e+01 1.087583389282226562e+02 -3.633607327938079834e-01 9.945655880452127298e-03 1.980435302237626427e-02 7.466825448362447437e-01 6.648112880865831853e-01
8.421548843380000093e+00 -1.356295299530029297e+01 1.101078491210937500e+02 -3.778673410415649414e-01 1.005809588836376403e-02 2.131978454391114663e-02 7.464538638300540763e-01 6.650194964565218081e-01
8.506342649460000516e+00 -1.373577404022216797e+01 1.114595336914062500e+02 -3.795029520988464355e-01 1.033817488012549017e-02 2.205879594964976764e-02 7.460954310213164797e-01 6.653932216896378815e-01
8.621626615520000314e+00 -1.389171981811523438e+01 1.128198547363281250e+02 -3.886608481407165527e-01 1.119934123300597197e-02 2.187493421003183780e-02 7.458821358383197486e-01 6.656244447483277149e-01
8.722677469249999760e+00 -1.404678726196289062e+01 1.141742706298828125e+02 -3.820907771587371826e-01 1.140904881226751516e-02 2.056813463954698662e-02 7.456870421311847519e-01 6.658810859607696697e-01
8.834950923919999255e+00 -1.420467376708984375e+01 1.155332717895507812e+02 -3.843906521797180176e-01 1.146339404948035559e-02 1.904302141848868146e-02 7.452765867265067623e-01 6.663848461732971851e-01
8.946048974989999181e+00 -1.435617923736572266e+01 1.168908233642578125e+02 -3.871647715568542480e-01 1.042834289721937709e-02 1.786840476576301295e-02 7.449048150834515214e-01 6.668498978338631700e-01
9.049860715870000405e+00 -1.466713809967041016e+01 1.196293792724609375e+02 -3.839748203754425049e-01 8.392051612925577678e-03 1.887149786802011509e-02 7.441245551760204968e-01 6.677215635442911301e-01
9.243638515469999817e+00 -1.481021022796630859e+01 1.209937210083007812e+02 -3.911720216274261475e-01 8.535420270492513964e-03 1.937955156891191244e-02 7.438808691728167055e-01 6.679766702965667102e-01
9.350528240199999175e+00 -1.497757339477539062e+01 1.223732681274414062e+02 -3.992533683776855469e-01 8.428488224341021059e-03 1.876325196931716288e-02 7.435034432494875833e-01 6.684156871572839442e-01
9.475391626360000430e+00 -1.513384819030761719e+01 1.237382278442382812e+02 -4.092171490192413330e-01 8.100242666336470929e-03 1.802844914133849841e-02 7.430367481116103567e-01 6.689587072802237744e-01
9.650423049929999664e+00 -1.543403148651123047e+01 1.265011520385742188e+02 -4.095874428749084473e-01 7.567905607511950239e-03 1.649172351249272861e-02 7.423678525881448609e-01 6.697467590843345642e-01
9.773935079570000184e+00 -1.557506561279296875e+01 1.278638381958007812e+02 -4.099558591842651367e-01 7.343640461583439243e-03 1.567178376733957545e-02 7.420294809078357146e-01 6.701438021812701207e-01
9.942750692369999754e+00 -1.587507724761962891e+01 1.305814819335937500e+02 -4.129880964756011963e-01 7.447334396965876735e-03 1.646193856364552843e-02 7.413502892911515429e-01 6.708750184326681687e-01
1.012451291080000004e+01 -1.602015304565429688e+01 1.319401855468750000e+02 -4.141613841056823730e-01 7.550569359543212074e-03 1.724862755736855657e-02 7.410301566781366533e-01 6.712077030571905745e-01
1.032445120809999928e+01 -1.633107948303222656e+01 1.346792449951171875e+02 -4.345926046371459961e-01 8.453687800363669097e-03 1.855806648136437698e-02 7.408190907482851140e-01 6.713949717669414063e-01
1.050640988349999994e+01 -1.662820625305175781e+01 1.374341735839843750e+02 -4.386633932590484619e-01 9.399565856270327563e-03 1.988664500205417074e-02 7.409757294655581195e-01 6.711714668065529299e-01
1.062332010269999927e+01 -1.677321243286132812e+01 1.388075561523437500e+02 -4.405827820301055908e-01 9.879845054287168457e-03 2.043716851271448753e-02 7.413734392378644733e-01 6.707086807232387482e-01
1.082992434500000023e+01 -1.705822181701660156e+01 1.415421752929687500e+02 -4.440587460994720459e-01 1.057129560343674120e-02 2.208339014825966284e-02 7.420111863378350270e-01 6.699402741575863907e-01
1.106066679949999987e+01 -1.735606956481933594e+01 1.442576904296875000e+02 -4.588234722614288330e-01 1.121277797877194733e-02 2.236711354425169329e-02 7.427856480939827311e-01 6.690616315611730425e-01
1.140084600449999996e+01 -1.765680694580078125e+01 1.470382385253906250e+02 -4.648689627647399902e-01 1.307176595857677086e-02 2.239564858951981208e-02 7.434292862216004272e-01 6.683116490433341772e-01
1.160129237169999961e+01 -1.813041877746582031e+01 1.511441650390625000e+02 -4.771251380443572998e-01 1.825385904233929601e-02 3.054182476440381322e-02 7.442238846805497854e-01 6.669818611035190914e-01
1.180651736259999929e+01 -1.844091606140136719e+01 1.539067993164062500e+02 -4.800816774368286133e-01 2.155542982746091324e-02 2.933089912715847181e-02 7.443180539607240354e-01 6.668325849487761747e-01
1.197640085219999939e+01 -1.875060653686523438e+01 1.566473541259765625e+02 -4.693824350833892822e-01 2.128700572694670543e-02 2.759934130594399182e-02 7.437700510978301205e-01 6.675262173402556343e-01
1.215061330800000050e+01 -1.905078887939453125e+01 1.594003448486328125e+02 -4.731906950473785400e-01 2.183678313839834684e-02 3.297281098244253528e-02 7.432594019004595820e-01 6.678333700292713448e-01
1.248806595799999997e+01 -1.920647811889648438e+01 1.607570343017578125e+02 -4.739704430103302002e-01 2.258151078650821528e-02 3.501064492385208560e-02 7.431191281066041876e-01 6.678609822071474023e-01
1.267333769799999921e+01 -1.986040496826171875e+01 1.664691772460937500e+02 -4.651668667793273926e-01 2.057444766048569310e-02 3.088328933908002227e-02 7.423480221880146557e-01 6.689860450686601068e-01
1.279716134070000066e+01 -2.001407432556152344e+01 1.678599700927734375e+02 -4.658919572830200195e-01 1.982287668870859332e-02 2.963651189547089615e-02 7.421020195072765002e-01 6.693379739456558619e-01
1.292832708359999927e+01 -2.017644691467285156e+01 1.692538452148437500e+02 -4.746966361999511719e-01 1.885822926785635928e-02 2.956969497779760037e-02 7.420433505559665965e-01 6.694338400644803677e-01
1.309003853799999995e+01 -2.044916343688964844e+01 1.720736846923828125e+02 -4.634772539138793945e-01 1.853447899494442899e-02 2.705544532303227889e-02 7.424081921585609090e-01 6.691446421982435444e-01
1.320176577570000021e+01 -2.061122322082519531e+01 1.734851837158203125e+02 -4.684032797813415527e-01 1.840710056298851954e-02 2.485993536752384436e-02 7.425753811750495093e-01 6.690478051194220788e-01
1.334497189520000049e+01 -2.082538795471191406e+01 1.749574890136718750e+02 -4.900243878364562988e-01 1.754862681065826741e-02 2.285299770515458739e-02 7.425686346952705685e-01 6.691499151608336637e-01
1.352351737020000044e+01 -2.113359451293945312e+01 1.777835540771484375e+02 -4.931929409503936768e-01 1.408429851332783020e-02 2.142693889635560733e-02 7.424660236623800147e-01 6.693928013744198102e-01
1.361804819109999976e+01 -2.128695487976074219e+01 1.792073822021484375e+02 -4.924028217792510986e-01 1.296140999362166771e-02 2.175938178306735526e-02 7.425199420391370708e-01 6.693449535400953776e-01
1.371336197850000005e+01 -2.148387527465820312e+01 1.806290740966796875e+02 -4.996517896652221680e-01 1.386605091797214924e-02 2.338249440457207395e-02 7.425921198481451047e-01 6.691920016906940383e-01
1.382763838770000042e+01 -2.163794708251953125e+01 1.820710449218750000e+02 -5.052090883255004883e-01 1.463198584443757035e-02 2.439384757519924563e-02 7.431910793618792255e-01 6.684742812910987597e-01
1.393022656439999984e+01 -2.187997627258300781e+01 1.835808868408203125e+02 -5.189308524131774902e-01 1.664246391947159925e-02 2.327481953660293090e-02 7.436710604915157674e-01 6.679331291062388098e-01
1.403484058379999944e+01 -2.203816223144531250e+01 1.850183258056640625e+02 -5.190282464027404785e-01 1.774800616790521771e-02 2.134259761630863395e-02 7.441592264301450932e-01 6.674253123181204117e-01
1.413551211360000082e+01 -2.219402122497558594e+01 1.864458770751953125e+02 -5.132801532745361328e-01 1.634429104226397395e-02 1.932843923710581002e-02 7.444563561109199812e-01 6.671911341085359215e-01
1.424670195580000076e+01 -2.236609649658203125e+01 1.878841400146484375e+02 -4.790602922439575195e-01 1.450536564209866167e-02 1.810975007406767645e-02 7.444884209727047342e-01 6.672320603488814950e-01
1.437598967549999962e+01 -2.252845573425292969e+01 1.893300933837890625e+02 -4.874472618103027344e-01 1.271190208350504204e-02 1.866531063516330136e-02 7.444822065772221942e-01 6.672602624270549398e-01
1.453801107409999993e+01 -2.284790802001953125e+01 1.922013702392578125e+02 -4.837792813777923584e-01 1.140091578147504198e-02 1.938075156849439207e-02 7.443460056529099811e-01 6.674154848792032135e-01
1.465953040119999962e+01 -2.300669860839843750e+01 1.936637115478515625e+02 -4.903963506221771240e-01 1.173501583327255654e-02 2.017020482653986146e-02 7.444023370335592915e-01 6.673234694356432462e-01
1.486902117730000050e+01 -2.317670440673828125e+01 1.950746917724609375e+02 -4.910463392734527588e-01 1.237501667960599211e-02 2.131655625438366730e-02 7.442845086824775303e-01 6.674076966344607564e-01
1.509074211120000086e+01 -2.350381660461425781e+01 1.979586639404296875e+02 -5.052502751350402832e-01 1.403137816028214233e-02 2.391510461024015655e-02 7.440011791455517498e-01 6.676027513637381450e-01
1.529537963870000006e+01 -2.397059822082519531e+01 2.023110809326171875e+02 -5.166432857513427734e-01 1.659339788969124360e-02 2.448212475833810853e-02 7.436217039940720142e-01 6.679461400912083402e-01
1.545839309690000007e+01 -2.412912940979003906e+01 2.037922363281250000e+02 -5.175150036811828613e-01 1.600086970255705510e-02 2.007153539681105769e-02 7.435753042512905919e-01 6.681593167375402542e-01
1.560003948209999969e+01 -2.448068237304687500e+01 2.067030181884765625e+02 -5.048810839653015137e-01 9.090178111805517075e-03 1.525929801542136310e-02 7.428809563951430661e-01 6.691878713122423328e-01
1.573465347289999983e+01 -2.464126014709472656e+01 2.081598815917968750e+02 -5.077208876609802246e-01 8.042922695585510290e-03 1.575368254181785943e-02 7.426614746890719543e-01 6.694333924249205037e-01
1.590870428090000033e+01 -2.495013618469238281e+01 2.110809173583984375e+02 -5.272184014320373535e-01 9.691058023806776653e-03 1.781530308067602597e-02 7.432503509073583592e-01 6.687059250871129068e-01
1.606007432939999902e+01 -2.510813713073730469e+01 2.125608215332031250e+02 -5.309569239616394043e-01 1.055039685139388603e-02 1.824963929567280374e-02 7.435340438169820709e-01 6.683657422976000406e-01
1.622199559210000075e+01 -2.543546867370605469e+01 2.155224151611328125e+02 -5.284615159034729004e-01 1.024511407223169419e-02 1.782789079025937085e-02 7.438284158372087118e-01 6.680542580814268216e-01
1.633579516409999854e+01 -2.559852790832519531e+01 2.170057678222656250e+02 -5.327200889587402344e-01 9.651285217303772965e-03 1.791156011001937554e-02 7.438985824159298765e-01 6.679827301567379250e-01
1.647522878650000067e+01 -2.576406288146972656e+01 2.185018463134765625e+02 -5.379285812377929688e-01 1.002459491404390605e-02 1.783100991565411686e-02 7.440569027847029338e-01 6.678030308411549987e-01
1.669491291050000115e+01 -2.609224128723144531e+01 2.215594177246093750e+02 -5.404660701751708984e-01 1.088079059742027600e-02 1.775808501108289139e-02 7.443291909615598057e-01 6.674880630357545863e-01
1.701008796689999869e+01 -2.642291831970214844e+01 2.246053161621093750e+02 -5.353645682334899902e-01 1.075803617814437806e-02 1.740076836635928714e-02 7.446130726986037729e-01 6.671827709737370160e-01
1.718241405490000062e+01 -2.703636550903320312e+01 2.292006835937500000e+02 -5.410438776016235352e-01 1.151309055525851464e-02 1.772179873023593810e-02 7.447402702251163520e-01 6.670197272200067973e-01
1.737703943249999838e+01 -2.738920593261718750e+01 2.322265472412109375e+02 -5.410310626029968262e-01 1.165616159911252517e-02 1.787316743965561283e-02 7.448477747094968127e-01 6.668931520811711700e-01
1.759356927869999865e+01 -2.756150245666503906e+01 2.337543334960937500e+02 -5.376732349395751953e-01 1.181945195752373036e-02 1.782053861001220429e-02 7.448463919887787776e-01 6.668932308101287454e-01
1.790051698679999959e+01 -2.787879753112792969e+01 2.367495117187500000e+02 -5.296127796173095703e-01 1.225398645377381510e-02 1.922801760618508826e-02 7.448471996876936396e-01 6.668453885814374926e-01
1.820348596570000055e+01 -2.843721771240234375e+01 2.411408233642578125e+02 -5.249283313751220703e-01 1.183028242726737525e-02 1.810759983793663874e-02 7.444642534612903040e-01 6.673118720389468184e-01
1.835615801810000036e+01 -2.894882011413574219e+01 2.457864532470703125e+02 -5.220938324928283691e-01 1.008523983148623682e-02 1.857394178061100298e-02 7.440083103507849627e-01 6.678360058826128265e-01
1.851014375689999980e+01 -2.929945182800292969e+01 2.488565521240234375e+02 -5.326478481292724609e-01 1.094868298348808736e-02 1.722321983705998871e-02 7.435579720880148846e-01 6.683599548025974668e-01
1.871650195120000149e+01 -2.947043609619140625e+01 2.503608703613281250e+02 -5.249322652816772461e-01 1.045063352059814876e-02 1.720844420274070252e-02 7.434679798079473212e-01 6.684684111515134530e-01
1.901657342909999926e+01 -2.981986999511718750e+01 2.534350128173828125e+02 -5.272762179374694824e-01 1.001546992632214132e-02 1.779631964422034862e-02 7.435543188076865206e-01 6.683636408061954803e-01
1.923067975040000022e+01 -3.030978584289550781e+01 2.581113281250000000e+02 -5.260019302368164062e-01 8.357627143108940782e-03 1.601142154652057670e-02 7.436241081804608744e-01 6.683539258367610092e-01
1.944345903399999997e+01 -3.065082359313964844e+01 2.612118530273437500e+02 -5.279808044433593750e-01 8.605266590765143705e-03 1.670620885835594205e-02 7.437451567474138159e-01 6.681990674845695866e-01
1.966346883770000176e+01 -3.100509643554687500e+01 2.643309020996093750e+02 -5.347902774810791016e-01 9.447508617499584746e-03 1.863384579650251283e-02 7.436516338279672844e-01 6.682408038100857706e-01
1.984994673730000159e+01 -3.134389495849609375e+01 2.674296264648437500e+02 -5.414627194404602051e-01 1.102138295208960304e-02 1.911676780647741936e-02 7.438085202777067195e-01 6.680284151656608049e-01
1.997150778769999846e+01 -3.171445655822753906e+01 2.705642395019531250e+02 -5.475580692291259766e-01 1.099037989279378486e-02 2.168631317203617570e-02 7.434589066496356535e-01 6.683395615210465657e-01
2.007263708110000167e+01 -3.189867591857910156e+01 2.721567993164062500e+02 -5.558506250381469727e-01 1.174054992137451778e-02 2.192850206977337013e-02 7.433856690993343452e-01 6.684003644988939508e-01
2.016718721390000013e+01 -3.208762741088867188e+01 2.736022644042968750e+02 -5.565573573112487793e-01 1.226461971566961823e-02 2.191109294513604588e-02 7.431438850065696933e-01 6.686603392504465448e-01
2.027992653849999982e+01 -3.225160598754882812e+01 2.751463623046875000e+02 -5.659852027893066406e-01 1.234815022104736662e-02 2.182758177473320682e-02 7.430091063867363399e-01 6.688112945266170284e-01
2.038592457769999911e+01 -3.239312744140625000e+01 2.766416320800781250e+02 -5.791434049606323242e-01 1.174641765599426964e-02 2.120604456188290854e-02 7.427266511019617878e-01 6.691557719164910045e-01
2.048804211619999904e+01 -3.255775833129882812e+01 2.781854553222656250e+02 -5.712344646453857422e-01 1.122238912448617065e-02 2.048830570486082081e-02 7.424380693229312156e-01 6.695072819108999207e-01
2.060446619989999917e+01 -3.273293304443359375e+01 2.797144470214843750e+02 -5.905901193618774414e-01 1.111049048997990452e-02 2.011470643929413882e-02 7.421129881078740720e-01 6.698807867580137687e-01
2.074198579789999997e+01 -3.289910888671875000e+01 2.812945251464843750e+02 -5.971376299858093262e-01 1.111335561493970517e-02 1.998529264522863613e-02 7.418969330422026109e-01 6.701238856714732961e-01
2.091456151010000042e+01 -3.328443908691406250e+01 2.844370727539062500e+02 -5.828145742416381836e-01 1.157109044329649936e-02 1.961290226508916046e-02 7.411059487773139498e-01 6.710018007558328224e-01
2.103191423419999850e+01 -3.341545104980468750e+01 2.859766235351562500e+02 -5.902692079544067383e-01 1.183869808130136141e-02 2.017011998814488560e-02 7.409553741264724991e-01 6.711468878274727823e-01
2.120704174040000112e+01 -3.375585937500000000e+01 2.891564331054687500e+02 -5.879094600677490234e-01 1.184810568772920632e-02 2.123284999924979211e-02 7.405764104208588661e-01 6.715321055621079616e-01
2.132129073140000131e+01 -3.391711044311523438e+01 2.907072753906250000e+02 -5.894844532012939453e-01 1.305521123833895507e-02 2.072648619140715631e-02 7.405478883471710017e-01 6.715569963109805363e-01
2.143684053420000168e+01 -3.407400512695312500e+01 2.922720336914062500e+02 -5.858649015426635742e-01 1.438531932737817723e-02 2.060244200217331567e-02 7.406360711844685030e-01 6.714363797351402541e-01
2.162741041179999968e+01 -3.422668838500976562e+01 2.938523254394531250e+02 -5.894092321395874023e-01 1.438702052162965997e-02 2.051235533479145445e-02 7.409544656527380369e-01 6.710877265666499447e-01
2.174898123739999889e+01 -3.456944656372070312e+01 2.971011047363281250e+02 -5.850056409835815430e-01 1.521777913148630694e-02 2.098709831537104442e-02 7.415589061580978303e-01 6.703867164556674973e-01
2.189034652710000017e+01 -3.473367691040039062e+01 2.986806945800781250e+02 -5.865936279296875000e-01 1.533623352103895450e-02 2.084476892972553230e-02 7.417953755896014023e-01 6.701267912145701944e-01
2.204197716710000066e+01 -3.504214859008789062e+01 3.019044189453125000e+02 -6.342335939407348633e-01 1.494586925839493791e-02 2.010957876575281134e-02 7.424619235524980709e-01 6.694195380392624628e-01
2.230333447459999974e+01 -3.521919631958007812e+01 3.034843750000000000e+02 -6.233330965042114258e-01 1.478368427390879328e-02 2.109092504650755817e-02 7.427891371910965157e-01 6.690298298513144282e-01
2.246712899210000103e+01 -3.587277603149414062e+01 3.082805480957031250e+02 -6.261421442031860352e-01 1.342767181728241055e-02 2.026588779584947986e-02 7.420163095364072925e-01 6.699408838124336629e-01
2.257956099509999959e+01 -3.605307769775390625e+01 3.098874511718750000e+02 -6.212119460105895996e-01 1.391516358970301681e-02 2.068995944354157235e-02 7.418237026854344052e-01 6.701312467976471288e-01
2.267422819140000101e+01 -3.628062438964843750e+01 3.114708251953125000e+02 -6.228315830230712891e-01 1.497577460061421534e-02 2.110389691191505435e-02 7.414682200099369513e-01 6.704887996272109740e-01
2.278801894189999899e+01 -3.643972396850585938e+01 3.130908203125000000e+02 -6.244688630104064941e-01 1.628490284231779578e-02 2.116709483719902973e-02 7.413628722774693314e-01 6.705727757999651040e-01
2.291008043289999918e+01 -3.664853668212890625e+01 3.146800842285156250e+02 -6.095579266548156738e-01 1.673769870023643358e-02 2.101567417369776258e-02 7.412378933300646233e-01 6.707045373134529198e-01
2.308192777629999881e+01 -3.698518371582031250e+01 3.179947509765625000e+02 -6.128557324409484863e-01 1.629743665754082582e-02 2.009734373560034815e-02 7.427570618059442520e-01 6.690608623066870431e-01
2.321777105330000168e+01 -3.716661834716796875e+01 3.196529541015625000e+02 -6.100372076034545898e-01 1.478266864895268727e-02 2.086224336024689041e-02 7.428768686600190074e-01 6.689396067803711210e-01
2.349855184560000154e+01 -3.751857757568359375e+01 3.229052124023437500e+02 -5.988603830337524414e-01 1.414723962925217189e-02 2.311774319968817881e-02 7.426525078313354067e-01 6.691282972435510512e-01
2.379264545439999878e+01 -3.788896942138671875e+01 3.262434082031250000e+02 -6.013972163200378418e-01 1.517688170559654964e-02 2.316706699806714287e-02 7.423334438642366084e-01 6.694579952387337274e-01
2.402771186829999905e+01 -3.854683685302734375e+01 3.313496093750000000e+02 -5.434325933456420898e-01 1.479744546994675447e-02 2.267102921565833373e-02 7.416503999475669850e-01 6.702400646779335114e-01
2.423491978650000078e+01 -3.890114212036132812e+01 3.346535339355468750e+02 -5.471386909484863281e-01 1.455845859878421820e-02 2.342885305437902854e-02 7.410889804573046469e-01 6.708399683773590416e-01
2.436179447170000145e+01 -3.941994094848632812e+01 3.382861938476562500e+02 -5.940165519714355469e-01 1.599177951992370589e-02 2.445932032086406416e-02 7.408728518810239194e-01 6.710092562572487207e-01
2.453967499730000057e+01 -3.975271224975585938e+01 3.416070251464843750e+02 -5.975387692451477051e-01 1.569026982714537971e-02 2.265294940748918684e-02 7.409237125083407705e-01 6.710236296575184944e-01
2.466111779210000066e+01 -3.992076873779296875e+01 3.432598876953125000e+02 -5.941062569618225098e-01 1.621449476379652893e-02 2.103797819575359274e-02 7.410948307664002588e-01 6.708747613707871649e-01
2.475529646869999922e+01 -4.011495971679687500e+01 3.449564208984375000e+02 -6.095810532569885254e-01 1.581846219973191345e-02 2.072340539929262704e-02 7.413803847525436419e-01 6.705784382355747253e-01
2.500492691990000083e+01 -4.028387451171875000e+01 3.465948791503906250e+02 -6.080350875854492188e-01 1.418078317301495889e-02 2.140098093890374642e-02 7.417062615696071726e-01 6.702333361985884919e-01
2.515102195740000113e+01 -4.081999969482421875e+01 3.514450683593750000e+02 -6.099682450294494629e-01 1.395171097943147427e-02 2.109133239524196846e-02 7.430920126051328012e-01 6.687112727186472760e-01
2.529826927190000063e+01 -4.100648117065429688e+01 3.531109619140625000e+02 -5.997211337089538574e-01 1.356971782745113389e-02 2.168067792596473087e-02 7.435978184769255206e-01 6.681377816881119980e-01
2.546282792090000058e+01 -4.136724853515625000e+01 3.563370971679687500e+02 -5.974916815757751465e-01 1.475430857138523670e-02 2.280469638172033520e-02 7.441967346579253517e-01 6.674080283649567180e-01
2.558756780619999915e+01 -4.155841445922851562e+01 3.579785156250000000e+02 -5.978257656097412109e-01 1.509607164042010494e-02 2.247400697602897068e-02 7.441168263586459553e-01 6.675006939033140130e-01
2.568161201479999889e+01 -4.173641586303710938e+01 3.595731506347656250e+02 -5.993316769599914551e-01 1.535296574198394791e-02 2.266994204653494105e-02 7.442949873552254791e-01 6.672895413300119483e-01
2.586344790460000098e+01 -4.192838668823242188e+01 3.612268371582031250e+02 -6.003662943840026855e-01 1.550685442375495868e-02 2.254411569185976738e-02 7.441639788259283295e-01 6.674363437298842516e-01
2.600499629970000015e+01 -4.229592132568359375e+01 3.643806762695312500e+02 -5.981532335281372070e-01 1.661994551476451629e-02 2.304920977881541599e-02 7.442998116868873026e-01 6.672408123477779895e-01
2.610769772529999955e+01 -4.247541427612304688e+01 3.660010070800781250e+02 -5.928323864936828613e-01 1.670248144514025618e-02 2.329869238183712721e-02 7.442215526379534207e-01 6.673173747446004000e-01
2.620070910449999957e+01 -4.268700408935546875e+01 3.676003112792968750e+02 -6.014147400856018066e-01 1.732867546531218633e-02 2.336926846117526324e-02 7.441284013964939437e-01 6.674028142983110534e-01
2.634941458699999828e+01 -4.286532974243164062e+01 3.692162780761718750e+02 -6.003392934799194336e-01 1.827240374732002487e-02 2.328132819632922068e-02 7.440786312649935175e-01 6.674362063250114385e-01
2.651304864880000167e+01 -4.321563720703125000e+01 3.724096984863281250e+02 -5.969969034194946289e-01 1.862744436641729229e-02 2.575135116366178423e-02 7.441609748258772861e-01 6.672438308263493045e-01
2.663756299019999929e+01 -4.340283584594726562e+01 3.740248107910156250e+02 -5.968731641769409180e-01 1.907462162417383061e-02 2.533716622923998241e-02 7.440569005556123550e-01 6.673631062269943515e-01
2.673660850519999954e+01 -4.376940536499023438e+01 3.772821044921875000e+02 -5.763316154479980469e-01 1.811137487189241890e-02 2.471379901791770362e-02 7.438955602153636271e-01 6.675931408651697430e-01
2.694057321549999884e+01 -4.395057678222656250e+01 3.789016418457031250e+02 -5.759685039520263672e-01 1.724009253215519344e-02 2.426316425381636055e-02 7.437754740099276063e-01 6.677665178272883528e-01
2.705928206440000139e+01 -4.412965393066406250e+01 3.805392456054687500e+02 -5.619144439697265625e-01 1.747905235984601943e-02 2.446369037339746200e-02 7.437061700982471324e-01 6.678301753737351243e-01
2.717253851890000149e+01 -4.431164932250976562e+01 3.821512145996093750e+02 -5.577837824821472168e-01 1.783477652586950429e-02 2.436888056821362447e-02 7.436710872123235561e-01 6.678633037160859320e-01
2.734661793709999955e+01 -4.468693542480468750e+01 3.854255065917968750e+02 -5.587755441665649414e-01 1.805484800780855770e-02 2.426591372485009668e-02 7.435087425418553941e-01 6.680418681926620916e-01
2.755443072319999942e+01 -4.487092208862304688e+01 3.870724792480468750e+02 -5.559635162353515625e-01 1.769848508208149082e-02 2.405318203921402720e-02 7.434060484068986119e-01 6.681733721509919288e-01
2.775847530360000093e+01 -4.523167037963867188e+01 3.903422851562500000e+02 -5.550884008407592773e-01 1.691454254964158341e-02 2.299073436625587163e-02 7.432733699320017706e-01 6.683786516141599909e-01
2.807009220120000137e+01 -4.560134887695312500e+01 3.935977172851562500e+02 -5.489027500152587891e-01 1.673019008054411547e-02 2.240661037314750637e-02 7.430223102925632706e-01 6.686822047572049676e-01
2.822350382799999835e+01 -4.619735336303710938e+01 3.985718688964843750e+02 -5.393822789192199707e-01 1.572730991604507494e-02 2.195031276391357089e-02 7.426654715886025215e-01 6.691179513377666366e-01
2.839738368989999984e+01 -4.656484222412109375e+01 4.018851928710937500e+02 -5.306848883628845215e-01 1.556818749446711898e-02 2.256562681873997001e-02 7.425726611878700201e-01 6.692042041714765244e-01
2.855058121680000127e+01 -4.679576110839843750e+01 4.036039428710937500e+02 -5.128422379493713379e-01 1.599271001418287388e-02 2.243071852362032992e-02 7.423852707429782205e-01 6.694066072849831350e-01
2.869210743900000082e+01 -4.715697479248046875e+01 4.068249511718750000e+02 -5.073724985122680664e-01 1.673731508108403446e-02 2.257413925443307878e-02 7.420795760723164491e-01 6.697224599019573343e-01
2.880554318429999938e+01 -4.734651184082031250e+01 4.085022583007812500e+02 -5.145006775856018066e-01 1.660362643306208599e-02 2.337631356719727105e-02 7.420205526819780850e-01 6.697636649974458845e-01
2.892710733410000046e+01 -4.750680160522460938e+01 4.101625671386718750e+02 -5.046313405036926270e-01 1.639533083517081755e-02 2.431902752085934871e-02 7.420102134767363466e-01 6.697466842944829191e-01
2.894211220740000101e+01 -4.770253372192382812e+01 4.118299560546875000e+02 -5.089520215988159180e-01 1.740495725342221245e-02 2.486085529956572060e-02 7.417951488126187654e-01 6.699395215501505740e-01
