3.094029426570000033e-02 1.289128000000000062e-03 1.310643000000000002e+00 0.000000000000000000e+00 0.000000000000000000e+00 0.000000000000000000e+00 0.000000000000000000e+00 1.000000000000000000e+00
3.094029426570000033e-02 4.448325999999999734e-04 2.625299000000000049e+00 0.000000000000000000e+00 0.000000000000000000e+00 0.000000000000000000e+00 0.000000000000000000e+00 1.000000000000000000e+00
1.322495937350000039e-01 2.037581000000000114e-03 3.941730000000000178e+00 0.000000000000000000e+00 0.000000000000000000e+00 0.000000000000000000e+00 0.000000000000000000e+00 1.000000000000000000e+00
2.330615520479999980e-01 2.777892000000000122e-03 5.261016999999999832e+00 0.000000000000000000e+00 0.000000000000000000e+00 0.000000000000000000e+00 0.000000000000000000e+00 1.000000000000000000e+00
3.338840007780000119e-01 4.157927999999999971e-03 6.581638000000000766e+00 0.000000000000000000e+00 0.000000000000000000e+00 0.000000000000000000e+00 0.000000000000000000e+00 1.000000000000000000e+00
4.350728988650000018e-01 7.571021999999998434e-03 7.908775000000000333e+00 0.000000000000000000e+00 0.000000000000000000e+00 0.000000000000000000e+00 0.000000000000000000e+00 1.000000000000000000e+00
5.359325408939999980e-01 8.323818000000000189e-03 9.238962000000000785e+00 0.000000000000000000e+00 0.000000000000000000e+00 0.000000000000000000e+00 0.000000000000000000e+00 1.000000000000000000e+00
6.368019580839999749e-01 7.728338999999999868e-03 1.056963000000000008e+01 0.000000000000000000e+00 0.000000000000000000e+00 0.000000000000000000e+00 0.000000000000000000e+00 1.000000000000000000e+00
7.375721931459999769e-01 6.780918000000000362e-03 1.190426000000000073e+01 0.000000000000000000e+00 0.000000000000000000e+00 0.000000000000000000e+00 0.000000000000000000e+00 1.000000000000000000e+00
8.383369445799999653e-01 3.419394999999999987e-03 1.324207999999999963e+01 0.000000000000000000e+00 0.000000000000000000e+00 0.000000000000000000e+00 0.000000000000000000e+00 1.000000000000000000e+00
9.391446113589999589e-01 -1.862181999999999987e-03 1.458047999999999966e+01 0.000000000000000000e+00 0.000000000000000000e+00 0.000000000000000000e+00 0.000000000000000000e+00 1.000000000000000000e+00
1.039884090419999962e+00 -5.851755000000000151e-03 1.593065999999999960e+01 0.000000000000000000e+00 0.000000000000000000e+00 0.000000000000000000e+00 0.000000000000000000e+00 1.000000000000000000e+00
1.140689611430000028e+00 -4.267715000000000050e-03 1.728222000000000236e+01 0.000000000000000000e+00 0.000000000000000000e+00 0.000000000000000000e+00 0.000000000000000000e+00 1.000000000000000000e+00
1.231474637989999898e+00 4.827890000000000154e-04 1.863468999999999909e+01 0.000000000000000000e+00 0.000000000000000000e+00 0.000000000000000000e+00 0.000000000000000000e+00 1.000000000000000000e+00
1.332234144210000082e+00 5.006085999999999869e-03 1.998669999999999902e+01 0.000000000000000000e+00 0.000000000000000000e+00 0.000000000000000000e+00 0.000000000000000000e+00 1.000000000000000000e+00
1.433121204379999902e+00 4.134685999999999396e-03 2.134127000000000152e+01 0.000000000000000000e+00 0.000000000000000000e+00 0.000000000000000000e+00 0.000000000000000000e+00 1.000000000000000000e+00
1.533850193019999919e+00 -7.654744999999999909e-04 2.270574999999999832e+01 0.000000000000000000e+00 0.000000000000000000e+00 0.000000000000000000e+00 0.000000000000000000e+00 1.000000000000000000e+00
1.634666919710000110e+00 -7.369324000000000013e-03 2.407209999999999894e+01 0.000000000000000000e+00 0.000000000000000000e+00 0.000000000000000000e+00 0.000000000000000000e+00 1.000000000000000000e+00
1.735484838489999904e+00 -9.719264000000000028e-03 2.544867999999999952e+01 0.000000000000000000e+00 0.000000000000000000e+00 0.000000000000000000e+00 0.000000000000000000e+00 1.000000000000000000e+00
1.836266756059999894e+00 -5.061180999999999666e-03 2.682029999999999959e+01 0.000000000000000000e+00 0.000000000000000000e+00 0.000000000000000000e+00 0.000000000000000000e+00 1.000000000000000000e+00
1.937180757519999963e+00 1.962273000000000055e-03 2.819472000000000023e+01 0.000000000000000000e+00 0.000000000000000000e+00 0.000000000000000000e+00 0.000000000000000000e+00 1.000000000000000000e+00
2.038349628449999784e+00 5.281593000000000225e-03 2.957012000000000640e+01 0.000000000000000000e+00 0.000000000000000000e+00 0.000000000000000000e+00 0.000000000000000000e+00 1.000000000000000000e+00
2.140139341349999835e+00 7.939023999999999387e-03 3.094983999999999824e+01 0.000000000000000000e+00 0.000000000000000000e+00 0.000000000000000000e+00 0.000000000000000000e+00 1.000000000000000000e+00
2.240968704220000163e+00 6.827075999999999631e-03 3.233530999999999977e+01 0.000000000000000000e+00 0.000000000000000000e+00 0.000000000000000000e+00 0.000000000000000000e+00 1.000000000000000000e+00
2.332050800319999784e+00 8.305166999999998717e-03 3.371779999999999688e+01 0.000000000000000000e+00 0.000000000000000000e+00 0.000000000000000000e+00 0.000000000000000000e+00 1.000000000000000000e+00
2.433203220369999809e+00 1.017340000000000085e-02 3.511082999999999998e+01 0.000000000000000000e+00 0.000000000000000000e+00 0.000000000000000000e+00 0.000000000000000000e+00 1.000000000000000000e+00
2.534038543699999924e+00 1.211940000000000066e-02 3.650789000000000328e+01 0.000000000000000000e+00 0.000000000000000000e+00 0.000000000000000000e+00 0.000000000000000000e+00 1.000000000000000000e+00
2.634902715680000007e+00 1.511477999999999954e-02 3.790588999999999942e+01 0.000000000000000000e+00 0.000000000000000000e+00 0.000000000000000000e+00 0.000000000000000000e+00 1.000000000000000000e+00
2.735707759859999921e+00 1.696850999999999915e-02 3.930156000000000205e+01 0.000000000000000000e+00 0.000000000000000000e+00 0.000000000000000000e+00 0.000000000000000000e+00 1.000000000000000000e+00
2.836545944210000059e+00 1.942949000000000065e-02 4.070436999999999728e+01 0.000000000000000000e+00 0.000000000000000000e+00 0.000000000000000000e+00 0.000000000000000000e+00 1.000000000000000000e+00
2.937933683399999829e+00 1.916344000000000034e-02 4.211099999999999710e+01 0.000000000000000000e+00 0.000000000000000000e+00 0.000000000000000000e+00 0.000000000000000000e+00 1.000000000000000000e+00
3.039679527280000126e+00 2.134430999999999828e-02 4.351858000000000004e+01 0.000000000000000000e+00 0.000000000000000000e+00 0.000000000000000000e+00 0.000000000000000000e+00 1.000000000000000000e+00
3.140678644179999868e+00 2.622363999999999945e-02 4.492820999999999998e+01 0.000000000000000000e+00 0.000000000000000000e+00 0.000000000000000000e+00 0.000000000000000000e+00 1.000000000000000000e+00
3.231441497800000118e+00 3.086035999999999987e-02 4.634127000000000152e+01 0.000000000000000000e+00 0.000000000000000000e+00 0.000000000000000000e+00 0.000000000000000000e+00 1.000000000000000000e+00
3.332686901090000209e+00 3.408031000000000255e-02 4.775704000000000349e+01 0.000000000000000000e+00 0.000000000000000000e+00 0.000000000000000000e+00 0.000000000000000000e+00 1.000000000000000000e+00
3.433630228040000176e+00 3.359220999999999735e-02 4.917963000000000306e+01 0.000000000000000000e+00 0.000000000000000000e+00 0.000000000000000000e+00 0.000000000000000000e+00 1.000000000000000000e+00
3.534979820249999793e+00 3.175531999999999661e-02 5.060217999999999705e+01 0.000000000000000000e+00 0.000000000000000000e+00 0.000000000000000000e+00 0.000000000000000000e+00 1.000000000000000000e+00
3.636506080629999804e+00 2.895794999999999966e-02 5.202830999999999761e+01 0.000000000000000000e+00 0.000000000000000000e+00 0.000000000000000000e+00 0.000000000000000000e+00 1.000000000000000000e+00
3.737687110900000054e+00 2.536976999999999982e-02 5.345716000000000179e+01 0.000000000000000000e+00 0.000000000000000000e+00 0.000000000000000000e+00 0.000000000000000000e+00 1.000000000000000000e+00
3.838690042500000121e+00 2.082938000000000150e-02 5.488464000000001164e+01 0.000000000000000000e+00 0.000000000000000000e+00 0.000000000000000000e+00 0.000000000000000000e+00 1.000000000000000000e+00
3.940073728559999822e+00 1.680870000000000281e-02 5.631660000000000110e+01 0.000000000000000000e+00 0.000000000000000000e+00 0.000000000000000000e+00 0.000000000000000000e+00 1.000000000000000000e+00
4.040933609009999650e+00 1.322910000000000058e-02 5.774549999999999983e+01 0.000000000000000000e+00 0.000000000000000000e+00 0.000000000000000000e+00 0.000000000000000000e+00 1.000000000000000000e+00
4.132736682890000068e+00 1.007535000000000028e-02 5.917365000000000208e+01 0.000000000000000000e+00 0.000000000000000000e+00 0.000000000000000000e+00 0.000000000000000000e+00 1.000000000000000000e+00
4.234450340269999558e+00 6.524254999999999638e-03 6.060318000000000183e+01 0.000000000000000000e+00 0.000000000000000000e+00 0.000000000000000000e+00 0.000000000000000000e+00 1.000000000000000000e+00
4.335468053819999668e+00 2.764210000000000018e-03 6.202794999999999703e+01 0.000000000000000000e+00 0.000000000000000000e+00 0.000000000000000000e+00 0.000000000000000000e+00 1.000000000000000000e+00
4.437560796739999702e+00 -1.308242999999999949e-03 6.345198000000000604e+01 0.000000000000000000e+00 0.000000000000000000e+00 0.000000000000000000e+00 0.000000000000000000e+00 1.000000000000000000e+00
4.538571357730000422e+00 -2.873604000000000089e-03 6.487187000000000126e+01 0.000000000000000000e+00 0.000000000000000000e+00 0.000000000000000000e+00 0.000000000000000000e+00 1.000000000000000000e+00
4.639401912690000351e+00 -5.953934000000000136e-03 6.628940000000000055e+01 0.000000000000000000e+00 0.000000000000000000e+00 0.000000000000000000e+00 0.000000000000000000e+00 1.000000000000000000e+00
4.740213632579999725e+00 -1.002030999999999929e-02 6.770310999999999524e+01 0.000000000000000000e+00 0.000000000000000000e+00 0.000000000000000000e+00 0.000000000000000000e+00 1.000000000000000000e+00
4.830999851229999642e+00 -1.936440000000000036e-02 6.911593000000000586e+01 0.000000000000000000e+00 0.000000000000000000e+00 0.000000000000000000e+00 0.000000000000000000e+00 1.000000000000000000e+00
4.932617902759999673e+00 -2.702275000000000163e-02 7.053000000000000114e+01 0.000000000000000000e+00 0.000000000000000000e+00 0.000000000000000000e+00 0.000000000000000000e+00 1.000000000000000000e+00
5.033405542369999708e+00 -3.513441999999999954e-02 7.193977999999999895e+01 0.000000000000000000e+00 0.000000000000000000e+00 0.000000000000000000e+00 0.000000000000000000e+00 1.000000000000000000e+00
5.134514570240000353e+00 -4.214650000000000341e-02 7.333986000000000161e+01 0.000000000000000000e+00 0.000000000000000000e+00 0.000000000000000000e+00 0.000000000000000000e+00 1.000000000000000000e+00
5.235409021379999750e+00 -4.677589000000000052e-02 7.474245000000000516e+01 0.000000000000000000e+00 0.000000000000000000e+00 0.000000000000000000e+00 0.000000000000000000e+00 1.000000000000000000e+00
5.336834430689999742e+00 -5.327678000000000275e-02 7.614449999999999363e+01 0.000000000000000000e+00 0.000000000000000000e+00 0.000000000000000000e+00 0.000000000000000000e+00 1.000000000000000000e+00
5.438863992689999982e+00 -5.458510999999999919e-02 7.754079000000000121e+01 0.000000000000000000e+00 0.000000000000000000e+00 0.000000000000000000e+00 0.000000000000000000e+00 1.000000000000000000e+00
5.540474891659999734e+00 -5.287324999999999664e-02 7.893496000000000379e+01 0.000000000000000000e+00 0.000000000000000000e+00 0.000000000000000000e+00 0.000000000000000000e+00 1.000000000000000000e+00
5.631278753280000160e+00 -4.954250000000000320e-02 8.032545000000000357e+01 0.000000000000000000e+00 0.000000000000000000e+00 0.000000000000000000e+00 0.000000000000000000e+00 1.000000000000000000e+00
5.732092380520000141e+00 -4.883211999999999969e-02 8.171094999999999686e+01 0.000000000000000000e+00 0.000000000000000000e+00 0.000000000000000000e+00 0.000000000000000000e+00 1.000000000000000000e+00
5.833070754999999608e+00 -4.838806999999999831e-02 8.309721000000000402e+01 0.000000000000000000e+00 0.000000000000000000e+00 0.000000000000000000e+00 0.000000000000000000e+00 1.000000000000000000e+00
5.934447765349999848e+00 -5.269072999999999812e-02 8.448366999999997518e+01 0.000000000000000000e+00 0.000000000000000000e+00 0.000000000000000000e+00 0.000000000000000000e+00 1.000000000000000000e+00
6.035506010059999760e+00 -6.072004000000000290e-02 8.586561999999997852e+01 0.000000000000000000e+00 0.000000000000000000e+00 0.000000000000000000e+00 0.000000000000000000e+00 1.000000000000000000e+00
6.137066841130000228e+00 -7.518041999999999780e-02 8.725015000000000498e+01 0.000000000000000000e+00 0.000000000000000000e+00 0.000000000000000000e+00 0.000000000000000000e+00 1.000000000000000000e+00
6.238140106200000368e+00 -8.437619999999999842e-02 8.862909000000000503e+01 0.000000000000000000e+00 0.000000000000000000e+00 0.000000000000000000e+00 0.000000000000000000e+00 1.000000000000000000e+00
6.338932752609999888e+00 -9.813228999999999702e-02 9.000634000000002288e+01 0.000000000000000000e+00 0.000000000000000000e+00 0.000000000000000000e+00 0.000000000000000000e+00 1.000000000000000000e+00
6.439707040790000114e+00 -1.110474999999999934e-01 9.137524000000000513e+01 0.000000000000000000e+00 0.000000000000000000e+00 0.000000000000000000e+00 0.000000000000000000e+00 1.000000000000000000e+00
6.540881872179999945e+00 -1.283351000000000075e-01 9.274128000000000327e+01 0.000000000000000000e+00 0.000000000000000000e+00 0.000000000000000000e+00 0.000000000000000000e+00 1.000000000000000000e+00
6.631618499760000063e+00 -1.454602999999999868e-01 9.410339000000000453e+01 0.000000000000000000e+00 0.000000000000000000e+00 0.000000000000000000e+00 0.000000000000000000e+00 1.000000000000000000e+00
6.733059644699999957e+00 -1.697047999999999890e-01 9.546075999999999340e+01 0.000000000000000000e+00 0.000000000000000000e+00 0.000000000000000000e+00 0.000000000000000000e+00 1.000000000000000000e+00
6.834475994109999952e+00 -1.913409000000000082e-01 9.681382000000000687e+01 0.000000000000000000e+00 0.000000000000000000e+00 0.000000000000000000e+00 0.000000000000000000e+00 1.000000000000000000e+00
6.935827732089999920e+00 -2.120314000000000088e-01 9.816545000000000698e+01 0.000000000000000000e+00 0.000000000000000000e+00 0.000000000000000000e+00 0.000000000000000000e+00 1.000000000000000000e+00
7.036582708360000105e+00 -2.344055999999999917e-01 9.951512999999999920e+01 0.000000000000000000e+00 0.000000000000000000e+00 0.000000000000000000e+00 0.000000000000000000e+00 1.000000000000000000e+00
7.137400388719999711e+00 -2.485715000000000008e-01 1.008602999999999952e+02 0.000000000000000000e+00 0.000000000000000000e+00 0.000000000000000000e+00 0.000000000000000000e+00 1.000000000000000000e+00
7.238425254820000099e+00 -2.694020999999999777e-01 1.022053999999999974e+02 0.000000000000000000e+00 0.000000000000000000e+00 0.000000000000000000e+00 0.000000000000000000e+00 1.000000000000000000e+00
7.339586019519999560e+00 -2.867601000000000178e-01 1.035459000000000032e+02 0.000000000000000000e+00 0.000000000000000000e+00 0.000000000000000000e+00 0.000000000000000000e+00 1.000000000000000000e+00
7.440394878390000244e+00 -3.053255999999999748e-01 1.048845000000000027e+02 0.000000000000000000e+00 0.000000000000000000e+00 0.000000000000000000e+00 0.000000000000000000e+00 1.000000000000000000e+00
7.531051397319999730e+00 -3.153954999999999953e-01 1.062207999999999970e+02 0.000000000000000000e+00 0.000000000000000000e+00 0.000000000000000000e+00 0.000000000000000000e+00 1.000000000000000000e+00
7.631943225859999735e+00 -3.343086000000000113e-01 1.075652999999999935e+02 0.000000000000000000e+00 0.000000000000000000e+00 0.000000000000000000e+00 0.000000000000000000e+00 1.000000000000000000e+00
7.732787847520000035e+00 -3.508130999999999888e-01 1.089064000000000050e+02 0.000000000000000000e+00 0.000000000000000000e+00 0.000000000000000000e+00 0.000000000000000000e+00 1.000000000000000000e+00
7.833497762680000420e+00 -3.737761000000000000e-01 1.102446000000000055e+02 0.000000000000000000e+00 0.000000000000000000e+00 0.000000000000000000e+00 0.000000000000000000e+00 1.000000000000000000e+00
7.934307336809999889e+00 -3.943149000000000237e-01 1.115765999999999991e+02 0.000000000000000000e+00 0.000000000000000000e+00 0.000000000000000000e+00 0.000000000000000000e+00 1.000000000000000000e+00
8.035637855530000095e+00 -4.137128999999999945e-01 1.129050000000000011e+02 0.000000000000000000e+00 0.000000000000000000e+00 0.000000000000000000e+00 0.000000000000000000e+00 1.000000000000000000e+00
8.136483430860000254e+00 -4.219683000000000184e-01 1.142286000000000001e+02 0.000000000000000000e+00 0.000000000000000000e+00 0.000000000000000000e+00 0.000000000000000000e+00 1.000000000000000000e+00
8.238010406489999937e+00 -4.295899000000000245e-01 1.155601000000000056e+02 0.000000000000000000e+00 0.000000000000000000e+00 0.000000000000000000e+00 0.000000000000000000e+00 1.000000000000000000e+00
8.338816165920000856e+00 -4.334779000000000271e-01 1.168930000000000007e+02 0.000000000000000000e+00 0.000000000000000000e+00 0.000000000000000000e+00 0.000000000000000000e+00 1.000000000000000000e+00
8.440480709079999144e+00 -4.334150999999999976e-01 1.182274000000000029e+02 0.000000000000000000e+00 0.000000000000000000e+00 0.000000000000000000e+00 0.000000000000000000e+00 1.000000000000000000e+00
8.531298160549999565e+00 -4.306136999999999881e-01 1.195613000000000028e+02 0.000000000000000000e+00 0.000000000000000000e+00 0.000000000000000000e+00 0.000000000000000000e+00 1.000000000000000000e+00
8.632200241090000503e+00 -4.334145999999999832e-01 1.209044999999999987e+02 0.000000000000000000e+00 0.000000000000000000e+00 0.000000000000000000e+00 0.000000000000000000e+00 1.000000000000000000e+00
8.733355998989999591e+00 -4.472932000000000019e-01 1.222683999999999997e+02 0.000000000000000000e+00 0.000000000000000000e+00 0.000000000000000000e+00 0.000000000000000000e+00 1.000000000000000000e+00
8.834249973300000391e+00 -4.560744000000001019e-01 1.236242000000000019e+02 0.000000000000000000e+00 0.000000000000000000e+00 0.000000000000000000e+00 0.000000000000000000e+00 1.000000000000000000e+00
8.935356140139999681e+00 -4.622549000000000241e-01 1.249835000000000065e+02 0.000000000000000000e+00 0.000000000000000000e+00 0.000000000000000000e+00 0.000000000000000000e+00 1.000000000000000000e+00
9.036947011949999720e+00 -4.641329000000001259e-01 1.263371000000000066e+02 0.000000000000000000e+00 0.000000000000000000e+00 0.000000000000000000e+00 0.000000000000000000e+00 1.000000000000000000e+00
9.139001369480000747e+00 -4.708494999999999764e-01 1.276924999999999955e+02 0.000000000000000000e+00 0.000000000000000000e+00 0.000000000000000000e+00 0.000000000000000000e+00 1.000000000000000000e+00
9.230943679810000191e+00 -4.718093999999999899e-01 1.290495999999999981e+02 0.000000000000000000e+00 0.000000000000000000e+00 0.000000000000000000e+00 0.000000000000000000e+00 1.000000000000000000e+00
9.332393646239999896e+00 -4.742799999999999794e-01 1.304070000000000107e+02 0.000000000000000000e+00 0.000000000000000000e+00 0.000000000000000000e+00 0.000000000000000000e+00 1.000000000000000000e+00
9.433984756470000121e+00 -4.701254000000000266e-01 1.317556999999999903e+02 0.000000000000000000e+00 0.000000000000000000e+00 0.000000000000000000e+00 0.000000000000000000e+00 1.000000000000000000e+00
9.535705327989999702e+00 -4.656936999999999882e-01 1.331097000000000037e+02 0.000000000000000000e+00 0.000000000000000000e+00 0.000000000000000000e+00 0.000000000000000000e+00 1.000000000000000000e+00
9.637339591980000009e+00 -4.651027999999999829e-01 1.344613999999999976e+02 0.000000000000000000e+00 0.000000000000000000e+00 0.000000000000000000e+00 0.000000000000000000e+00 1.000000000000000000e+00
9.739099025730000747e+00 -4.661197000000000257e-01 1.358146000000000129e+02 0.000000000000000000e+00 0.000000000000000000e+00 0.000000000000000000e+00 0.000000000000000000e+00 1.000000000000000000e+00
9.840207815170000316e+00 -4.644952999999999999e-01 1.371605999999999881e+02 0.000000000000000000e+00 0.000000000000000000e+00 0.000000000000000000e+00 0.000000000000000000e+00 1.000000000000000000e+00
9.931521892550000175e+00 -4.645722999999999936e-01 1.385124000000000137e+02 0.000000000000000000e+00 0.000000000000000000e+00 0.000000000000000000e+00 0.000000000000000000e+00 1.000000000000000000e+00
1.003231906889999969e+01 -4.641807000000000016e-01 1.398625999999999863e+02 0.000000000000000000e+00 0.000000000000000000e+00 0.000000000000000000e+00 0.000000000000000000e+00 1.000000000000000000e+00
1.013397073750000033e+01 -4.674418000000000184e-01 1.412128999999999905e+02 0.000000000000000000e+00 0.000000000000000000e+00 0.000000000000000000e+00 0.000000000000000000e+00 1.000000000000000000e+00
1.023539757730000055e+01 -4.704574000000000256e-01 1.425621999999999900e+02 0.000000000000000000e+00 0.000000000000000000e+00 0.000000000000000000e+00 0.000000000000000000e+00 1.000000000000000000e+00
1.033690738680000010e+01 -4.747020000000001239e-01 1.439098999999999933e+02 0.000000000000000000e+00 0.000000000000000000e+00 0.000000000000000000e+00 0.000000000000000000e+00 1.000000000000000000e+00
1.043846201899999926e+01 -4.789012999999999742e-01 1.452578000000000031e+02 0.000000000000000000e+00 0.000000000000000000e+00 0.000000000000000000e+00 0.000000000000000000e+00 1.000000000000000000e+00
1.054007887839999924e+01 -4.813925000000000010e-01 1.466011000000000024e+02 0.000000000000000000e+00 0.000000000000000000e+00 0.000000000000000000e+00 0.000000000000000000e+00 1.000000000000000000e+00
1.064065814019999934e+01 -4.844149999999999845e-01 1.479538000000000011e+02 0.000000000000000000e+00 0.000000000000000000e+00 0.000000000000000000e+00 0.000000000000000000e+00 1.000000000000000000e+00
1.073129105569999986e+01 -4.832843000000000000e-01 1.493029999999999973e+02 0.000000000000000000e+00 0.000000000000000000e+00 0.000000000000000000e+00 0.000000000000000000e+00 1.000000000000000000e+00
1.083268880840000037e+01 -4.887986000000000275e-01 1.506480999999999995e+02 0.000000000000000000e+00 0.000000000000000000e+00 0.000000000000000000e+00 0.000000000000000000e+00 1.000000000000000000e+00
1.093381834030000022e+01 -4.979854000000000225e-01 1.519917000000000087e+02 0.000000000000000000e+00 0.000000000000000000e+00 0.000000000000000000e+00 0.000000000000000000e+00 1.000000000000000000e+00
1.103542804719999992e+01 -5.139896999999999938e-01 1.533372999999999990e+02 0.000000000000000000e+00 0.000000000000000000e+00 0.000000000000000000e+00 0.000000000000000000e+00 1.000000000000000000e+00
1.113622212409999968e+01 -5.203404999999999836e-01 1.546843000000000075e+02 0.000000000000000000e+00 0.000000000000000000e+00 0.000000000000000000e+00 0.000000000000000000e+00 1.000000000000000000e+00
1.123794984819999954e+01 -5.188374000000000041e-01 1.560329000000000121e+02 0.000000000000000000e+00 0.000000000000000000e+00 0.000000000000000000e+00 0.000000000000000000e+00 1.000000000000000000e+00
1.133875179290000013e+01 -5.104870000000000241e-01 1.573829000000000065e+02 0.000000000000000000e+00 0.000000000000000000e+00 0.000000000000000000e+00 0.000000000000000000e+00 1.000000000000000000e+00
1.143988490099999922e+01 -4.996047000000001237e-01 1.587318999999999960e+02 0.000000000000000000e+00 0.000000000000000000e+00 0.000000000000000000e+00 0.000000000000000000e+00 1.000000000000000000e+00
1.154059052470000069e+01 -4.908893999999999758e-01 1.600785999999999945e+02 0.000000000000000000e+00 0.000000000000000000e+00 0.000000000000000000e+00 0.000000000000000000e+00 1.000000000000000000e+00
1.163231611249999986e+01 -4.848759000000000263e-01 1.614290000000000020e+02 0.000000000000000000e+00 0.000000000000000000e+00 0.000000000000000000e+00 0.000000000000000000e+00 1.000000000000000000e+00
1.173311448099999943e+01 -4.836516000000000148e-01 1.627787999999999897e+02 0.000000000000000000e+00 0.000000000000000000e+00 0.000000000000000000e+00 0.000000000000000000e+00 1.000000000000000000e+00
1.183389234540000068e+01 -4.767802999999999902e-01 1.641295000000000073e+02 0.000000000000000000e+00 0.000000000000000000e+00 0.000000000000000000e+00 0.000000000000000000e+00 1.000000000000000000e+00
1.193471598630000052e+01 -4.687839999999999785e-01 1.654807000000000130e+02 0.000000000000000000e+00 0.000000000000000000e+00 0.000000000000000000e+00 0.000000000000000000e+00 1.000000000000000000e+00
1.203554105759999970e+01 -4.599264000000000130e-01 1.668390000000000271e+02 0.000000000000000000e+00 0.000000000000000000e+00 0.000000000000000000e+00 0.000000000000000000e+00 1.000000000000000000e+00
1.213623905180000051e+01 -4.494839999999999947e-01 1.681999999999999886e+02 0.000000000000000000e+00 0.000000000000000000e+00 0.000000000000000000e+00 0.000000000000000000e+00 1.000000000000000000e+00
1.223756337170000030e+01 -4.424437999999999982e-01 1.695602000000000089e+02 0.000000000000000000e+00 0.000000000000000000e+00 0.000000000000000000e+00 0.000000000000000000e+00 1.000000000000000000e+00
1.233883309359999991e+01 -4.389717000000000757e-01 1.709198000000000093e+02 0.000000000000000000e+00 0.000000000000000000e+00 0.000000000000000000e+00 0.000000000000000000e+00 1.000000000000000000e+00
1.244023990630000043e+01 -4.111542999999999726e-01 1.722840999999999951e+02 0.000000000000000000e+00 0.000000000000000000e+00 0.000000000000000000e+00 0.000000000000000000e+00 1.000000000000000000e+00
1.253195166589999943e+01 -3.881120000000000125e-01 1.736528000000000134e+02 0.000000000000000000e+00 0.000000000000000000e+00 0.000000000000000000e+00 0.000000000000000000e+00 1.000000000000000000e+00
1.263343238829999926e+01 -3.779300999999999910e-01 1.750290999999999997e+02 0.000000000000000000e+00 0.000000000000000000e+00 0.000000000000000000e+00 0.000000000000000000e+00 1.000000000000000000e+00
1.273433589939999955e+01 -3.588782000000000361e-01 1.764086000000000070e+02 0.000000000000000000e+00 0.000000000000000000e+00 0.000000000000000000e+00 0.000000000000000000e+00 1.000000000000000000e+00
1.283606672290000006e+01 -3.405308000000000224e-01 1.777852000000000032e+02 0.000000000000000000e+00 0.000000000000000000e+00 0.000000000000000000e+00 0.000000000000000000e+00 1.000000000000000000e+00
1.293738293650000060e+01 -3.214041999999999732e-01 1.791606999999999914e+02 0.000000000000000000e+00 0.000000000000000000e+00 0.000000000000000000e+00 0.000000000000000000e+00 1.000000000000000000e+00
1.303896498679999993e+01 -3.136545000000000027e-01 1.805420000000000016e+02 0.000000000000000000e+00 0.000000000000000000e+00 0.000000000000000000e+00 0.000000000000000000e+00 1.000000000000000000e+00
1.314025115970000002e+01 -3.089994999999999825e-01 1.819214000000000055e+02 0.000000000000000000e+00 0.000000000000000000e+00 0.000000000000000000e+00 0.000000000000000000e+00 1.000000000000000000e+00
1.323103451729999946e+01 -3.140564000000000133e-01 1.833097999999999956e+02 0.000000000000000000e+00 0.000000000000000000e+00 0.000000000000000000e+00 0.000000000000000000e+00 1.000000000000000000e+00
1.333242917059999932e+01 -3.186557999999999891e-01 1.847039000000000044e+02 0.000000000000000000e+00 0.000000000000000000e+00 0.000000000000000000e+00 0.000000000000000000e+00 1.000000000000000000e+00
1.343339562419999922e+01 -3.141304999999999792e-01 1.860994000000000028e+02 0.000000000000000000e+00 0.000000000000000000e+00 0.000000000000000000e+00 0.000000000000000000e+00 1.000000000000000000e+00
1.353420567510000083e+01 -3.087276999999999938e-01 1.874987999999999886e+02 0.000000000000000000e+00 0.000000000000000000e+00 0.000000000000000000e+00 0.000000000000000000e+00 1.000000000000000000e+00
1.363510656360000084e+01 -3.089327000000000045e-01 1.889002999999999872e+02 0.000000000000000000e+00 0.000000000000000000e+00 0.000000000000000000e+00 0.000000000000000000e+00 1.000000000000000000e+00
1.373682308200000080e+01 -3.070210999999999912e-01 1.903048000000000002e+02 0.000000000000000000e+00 0.000000000000000000e+00 0.000000000000000000e+00 0.000000000000000000e+00 1.000000000000000000e+00
1.383773446080000014e+01 -3.030042000000000013e-01 1.917127999999999872e+02 0.000000000000000000e+00 0.000000000000000000e+00 0.000000000000000000e+00 0.000000000000000000e+00 1.000000000000000000e+00
1.393863463399999958e+01 -3.007558000000000176e-01 1.931212999999999909e+02 0.000000000000000000e+00 0.000000000000000000e+00 0.000000000000000000e+00 0.000000000000000000e+00 1.000000000000000000e+00
1.404044604299999932e+01 -2.979338000000000264e-01 1.945397000000000105e+02 0.000000000000000000e+00 0.000000000000000000e+00 0.000000000000000000e+00 0.000000000000000000e+00 1.000000000000000000e+00
1.413167476649999976e+01 -2.945301000000000169e-01 1.959592000000000098e+02 0.000000000000000000e+00 0.000000000000000000e+00 0.000000000000000000e+00 0.000000000000000000e+00 1.000000000000000000e+00
1.423245024679999915e+01 -2.955048000000000119e-01 1.973808999999999969e+02 0.000000000000000000e+00 0.000000000000000000e+00 0.000000000000000000e+00 0.000000000000000000e+00 1.000000000000000000e+00
1.433380818370000043e+01 -2.998637000000000108e-01 1.988010999999999910e+02 0.000000000000000000e+00 0.000000000000000000e+00 0.000000000000000000e+00 0.000000000000000000e+00 1.000000000000000000e+00
1.443504691120000061e+01 -3.150033999999999890e-01 2.002241999999999962e+02 0.000000000000000000e+00 0.000000000000000000e+00 0.000000000000000000e+00 0.000000000000000000e+00 1.000000000000000000e+00
1.453576636310000048e+01 -3.321987000000000134e-01 2.016572999999999922e+02 0.000000000000000000e+00 0.000000000000000000e+00 0.000000000000000000e+00 0.000000000000000000e+00 1.000000000000000000e+00
1.463729929920000039e+01 -3.485808000000000240e-01 2.030947999999999922e+02 0.000000000000000000e+00 0.000000000000000000e+00 0.000000000000000000e+00 0.000000000000000000e+00 1.000000000000000000e+00
1.473882341380000049e+01 -3.518432000000000226e-01 2.045324999999999989e+02 0.000000000000000000e+00 0.000000000000000000e+00 0.000000000000000000e+00 0.000000000000000000e+00 1.000000000000000000e+00
1.483958768839999998e+01 -3.481359000000000536e-01 2.059704000000000121e+02 0.000000000000000000e+00 0.000000000000000000e+00 0.000000000000000000e+00 0.000000000000000000e+00 1.000000000000000000e+00
1.494060826299999967e+01 -3.438313000000000064e-01 2.074182999999999879e+02 0.000000000000000000e+00 0.000000000000000000e+00 0.000000000000000000e+00 0.000000000000000000e+00 1.000000000000000000e+00
1.503178024290000003e+01 -3.421980000000000022e-01 2.088678999999999917e+02 0.000000000000000000e+00 0.000000000000000000e+00 0.000000000000000000e+00 0.000000000000000000e+00 1.000000000000000000e+00
1.513299155240000005e+01 -3.429637999999999853e-01 2.103232000000000141e+02 0.000000000000000000e+00 0.000000000000000000e+00 0.000000000000000000e+00 0.000000000000000000e+00 1.000000000000000000e+00
1.523377799989999914e+01 -3.479510000000000103e-01 2.117848999999999933e+02 0.000000000000000000e+00 0.000000000000000000e+00 0.000000000000000000e+00 0.000000000000000000e+00 1.000000000000000000e+00
1.533467411990000073e+01 -3.533161000000000218e-01 2.132452999999999861e+02 0.000000000000000000e+00 0.000000000000000000e+00 0.000000000000000000e+00 0.000000000000000000e+00 1.000000000000000000e+00
1.543548536299999974e+01 -3.575809000000000348e-01 2.147142000000000053e+02 0.000000000000000000e+00 0.000000000000000000e+00 0.000000000000000000e+00 0.000000000000000000e+00 1.000000000000000000e+00
1.553660583499999959e+01 -3.574839000000000211e-01 2.161863999999999919e+02 0.000000000000000000e+00 0.000000000000000000e+00 0.000000000000000000e+00 0.000000000000000000e+00 1.000000000000000000e+00
1.563798451419999935e+01 -3.559811999999999976e-01 2.176614999999999895e+02 0.000000000000000000e+00 0.000000000000000000e+00 0.000000000000000000e+00 0.000000000000000000e+00 1.000000000000000000e+00
1.573927450180000065e+01 -3.604881999999999809e-01 2.191418999999999926e+02 0.000000000000000000e+00 0.000000000000000000e+00 0.000000000000000000e+00 0.000000000000000000e+00 1.000000000000000000e+00
1.584065341950000061e+01 -3.669046999999999725e-01 2.206192000000000064e+02 0.000000000000000000e+00 0.000000000000000000e+00 0.000000000000000000e+00 0.000000000000000000e+00 1.000000000000000000e+00
1.593141031270000063e+01 -3.711882000000000237e-01 2.221052999999999997e+02 0.000000000000000000e+00 0.000000000000000000e+00 0.000000000000000000e+00 0.000000000000000000e+00 1.000000000000000000e+00
1.603252172470000048e+01 -3.755067999999999739e-01 2.235894000000000119e+02 0.000000000000000000e+00 0.000000000000000000e+00 0.000000000000000000e+00 0.000000000000000000e+00 1.000000000000000000e+00
1.613341617580000076e+01 -3.771502999999999939e-01 2.250789000000000044e+02 0.000000000000000000e+00 0.000000000000000000e+00 0.000000000000000000e+00 0.000000000000000000e+00 1.000000000000000000e+00
1.623463988299999983e+01 -3.787707000000000157e-01 2.265690999999999917e+02 0.000000000000000000e+00 0.000000000000000000e+00 0.000000000000000000e+00 0.000000000000000000e+00 1.000000000000000000e+00
1.633606839180000136e+01 -3.785265999999999909e-01 2.280602000000000089e+02 0.000000000000000000e+00 0.000000000000000000e+00 0.000000000000000000e+00 0.000000000000000000e+00 1.000000000000000000e+00
1.643746232990000067e+01 -3.786613999999999813e-01 2.295510999999999910e+02 0.000000000000000000e+00 0.000000000000000000e+00 0.000000000000000000e+00 0.000000000000000000e+00 1.000000000000000000e+00
1.653887486460000034e+01 -3.766086000000000156e-01 2.310454000000000008e+02 0.000000000000000000e+00 0.000000000000000000e+00 0.000000000000000000e+00 0.000000000000000000e+00 1.000000000000000000e+00
1.663970685010000139e+01 -3.745701000000000169e-01 2.325421000000000049e+02 0.000000000000000000e+00 0.000000000000000000e+00 0.000000000000000000e+00 0.000000000000000000e+00 1.000000000000000000e+00
1.673111414910000150e+01 -3.739625999999999784e-01 2.340378000000000043e+02 0.000000000000000000e+00 0.000000000000000000e+00 0.000000000000000000e+00 0.000000000000000000e+00 1.000000000000000000e+00
1.683282876009999995e+01 -3.764692000000000038e-01 2.355389999999999873e+02 0.000000000000000000e+00 0.000000000000000000e+00 0.000000000000000000e+00 0.000000000000000000e+00 1.000000000000000000e+00
1.693361306190000093e+01 -3.784077000000000135e-01 2.370446000000000026e+02 0.000000000000000000e+00 0.000000000000000000e+00 0.000000000000000000e+00 0.000000000000000000e+00 1.000000000000000000e+00
1.703527641299999829e+01 -3.814943000000000084e-01 2.385499000000000080e+02 0.000000000000000000e+00 0.000000000000000000e+00 0.000000000000000000e+00 0.000000000000000000e+00 1.000000000000000000e+00
1.713686132429999986e+01 -3.829064999999999830e-01 2.400603000000000122e+02 0.000000000000000000e+00 0.000000000000000000e+00 0.000000000000000000e+00 0.000000000000000000e+00 1.000000000000000000e+00
1.723781394959999957e+01 -3.820924000000001097e-01 2.415712000000000046e+02 0.000000000000000000e+00 0.000000000000000000e+00 0.000000000000000000e+00 0.000000000000000000e+00 1.000000000000000000e+00
1.733858585360000149e+01 -3.818796999999999886e-01 2.430872999999999990e+02 0.000000000000000000e+00 0.000000000000000000e+00 0.000000000000000000e+00 0.000000000000000000e+00 1.000000000000000000e+00
1.743949556349999952e+01 -3.796393000000000129e-01 2.446020000000000039e+02 0.000000000000000000e+00 0.000000000000000000e+00 0.000000000000000000e+00 0.000000000000000000e+00 1.000000000000000000e+00
1.754039120670000074e+01 -3.770780000000000243e-01 2.461230999999999938e+02 0.000000000000000000e+00 0.000000000000000000e+00 0.000000000000000000e+00 0.000000000000000000e+00 1.000000000000000000e+00
1.763106727599999957e+01 -3.721572000000000213e-01 2.476476999999999862e+02 0.000000000000000000e+00 0.000000000000000000e+00 0.000000000000000000e+00 0.000000000000000000e+00 1.000000000000000000e+00
1.773193645479999958e+01 -3.683885000000000076e-01 2.491682000000000130e+02 0.000000000000000000e+00 0.000000000000000000e+00 0.000000000000000000e+00 0.000000000000000000e+00 1.000000000000000000e+00
1.783266639709999879e+01 -3.658944000000001195e-01 2.506964000000000112e+02 0.000000000000000000e+00 0.000000000000000000e+00 0.000000000000000000e+00 0.000000000000000000e+00 1.000000000000000000e+00
1.793352270129999937e+01 -3.629857000000000222e-01 2.522240999999999929e+02 0.000000000000000000e+00 0.000000000000000000e+00 0.000000000000000000e+00 0.000000000000000000e+00 1.000000000000000000e+00
1.803432416920000136e+01 -3.598899000000000403e-01 2.537570000000000050e+02 0.000000000000000000e+00 0.000000000000000000e+00 0.000000000000000000e+00 0.000000000000000000e+00 1.000000000000000000e+00
1.813611459730000064e+01 -3.565283000000000202e-01 2.552884999999999991e+02 0.000000000000000000e+00 0.000000000000000000e+00 0.000000000000000000e+00 0.000000000000000000e+00 1.000000000000000000e+00
1.823700141910000028e+01 -3.518994000000000288e-01 2.568229999999999791e+02 0.000000000000000000e+00 0.000000000000000000e+00 0.000000000000000000e+00 0.000000000000000000e+00 1.000000000000000000e+00
1.833793711659999914e+01 -3.474488000000000021e-01 2.583611999999999966e+02 0.000000000000000000e+00 0.000000000000000000e+00 0.000000000000000000e+00 0.000000000000000000e+00 1.000000000000000000e+00
1.843946337699999916e+01 -3.407994999999999775e-01 2.599003000000000156e+02 0.000000000000000000e+00 0.000000000000000000e+00 0.000000000000000000e+00 0.000000000000000000e+00 1.000000000000000000e+00
1.854046726230000175e+01 -3.346776000000000195e-01 2.614352000000000089e+02 0.000000000000000000e+00 0.000000000000000000e+00 0.000000000000000000e+00 0.000000000000000000e+00 1.000000000000000000e+00
1.863128900530000109e+01 -3.291337999999999764e-01 2.629730999999999881e+02 0.000000000000000000e+00 0.000000000000000000e+00 0.000000000000000000e+00 0.000000000000000000e+00 1.000000000000000000e+00
1.873211264609999915e+01 -3.253737999999999908e-01 2.645113000000000056e+02 0.000000000000000000e+00 0.000000000000000000e+00 0.000000000000000000e+00 0.000000000000000000e+00 1.000000000000000000e+00
1.883311772349999913e+01 -3.249045999999999879e-01 2.660572000000000230e+02 0.000000000000000000e+00 0.000000000000000000e+00 0.000000000000000000e+00 0.000000000000000000e+00 1.000000000000000000e+00
1.893388748170000113e+01 -3.208178999999999892e-01 2.675980999999999881e+02 0.000000000000000000e+00 0.000000000000000000e+00 0.000000000000000000e+00 0.000000000000000000e+00 1.000000000000000000e+00
1.903536319730000059e+01 -3.173943000000000181e-01 2.691376999999999953e+02 0.000000000000000000e+00 0.000000000000000000e+00 0.000000000000000000e+00 0.000000000000000000e+00 1.000000000000000000e+00
1.913702416419999963e+01 -3.166024000000001171e-01 2.706770999999999958e+02 0.000000000000000000e+00 0.000000000000000000e+00 0.000000000000000000e+00 0.000000000000000000e+00 1.000000000000000000e+00
1.923780035969999958e+01 -3.155942999999999943e-01 2.722185000000000059e+02 0.000000000000000000e+00 0.000000000000000000e+00 0.000000000000000000e+00 0.000000000000000000e+00 1.000000000000000000e+00
1.933847331999999852e+01 -3.140400999999999887e-01 2.737649000000000115e+02 0.000000000000000000e+00 0.000000000000000000e+00 0.000000000000000000e+00 0.000000000000000000e+00 1.000000000000000000e+00
1.943976354599999823e+01 -3.112309000000000325e-01 2.753072000000000230e+02 0.000000000000000000e+00 0.000000000000000000e+00 0.000000000000000000e+00 0.000000000000000000e+00 1.000000000000000000e+00
1.953200149539999941e+01 -3.114205999999999919e-01 2.768534999999999968e+02 0.000000000000000000e+00 0.000000000000000000e+00 0.000000000000000000e+00 0.000000000000000000e+00 1.000000000000000000e+00
1.963403368000000171e+01 -3.062025999999999915e-01 2.783951999999999884e+02 0.000000000000000000e+00 0.000000000000000000e+00 0.000000000000000000e+00 0.000000000000000000e+00 1.000000000000000000e+00
1.973547983170000109e+01 -3.011291999999999858e-01 2.799451000000000249e+02 0.000000000000000000e+00 0.000000000000000000e+00 0.000000000000000000e+00 0.000000000000000000e+00 1.000000000000000000e+00
1.983647847179999957e+01 -2.897535999999999445e-01 2.814957999999999743e+02 0.000000000000000000e+00 0.000000000000000000e+00 0.000000000000000000e+00 0.000000000000000000e+00 1.000000000000000000e+00
1.993726372720000128e+01 -2.764899000000000107e-01 2.830498000000000047e+02 0.000000000000000000e+00 0.000000000000000000e+00 0.000000000000000000e+00 0.000000000000000000e+00 1.000000000000000000e+00
2.003853535649999884e+01 -2.599233000000000238e-01 2.846005000000000109e+02 0.000000000000000000e+00 0.000000000000000000e+00 0.000000000000000000e+00 0.000000000000000000e+00 1.000000000000000000e+00
2.013940191269999858e+01 -2.447295999999999916e-01 2.861453999999999951e+02 0.000000000000000000e+00 0.000000000000000000e+00 0.000000000000000000e+00 0.000000000000000000e+00 1.000000000000000000e+00
2.024019622799999851e+01 -2.301583000000000101e-01 2.876999000000000137e+02 0.000000000000000000e+00 0.000000000000000000e+00 0.000000000000000000e+00 0.000000000000000000e+00 1.000000000000000000e+00
2.034097194670000164e+01 -2.170805000000000096e-01 2.892536000000000058e+02 0.000000000000000000e+00 0.000000000000000000e+00 0.000000000000000000e+00 0.000000000000000000e+00 1.000000000000000000e+00
2.043171858790000073e+01 -2.045250999999999875e-01 2.908102999999999838e+02 0.000000000000000000e+00 0.000000000000000000e+00 0.000000000000000000e+00 0.000000000000000000e+00 1.000000000000000000e+00
2.053302240369999865e+01 -1.926926999999999945e-01 2.923691999999999780e+02 0.000000000000000000e+00 0.000000000000000000e+00 0.000000000000000000e+00 0.000000000000000000e+00 1.000000000000000000e+00
2.063497805600000135e+01 -1.828270999999999924e-01 2.939316000000000031e+02 0.000000000000000000e+00 0.000000000000000000e+00 0.000000000000000000e+00 0.000000000000000000e+00 1.000000000000000000e+00
2.073638176920000120e+01 -1.753107000000000137e-01 2.955006999999999948e+02 0.000000000000000000e+00 0.000000000000000000e+00 0.000000000000000000e+00 0.000000000000000000e+00 1.000000000000000000e+00
2.083757209779999897e+01 -1.681707999999999814e-01 2.970722999999999843e+02 0.000000000000000000e+00 0.000000000000000000e+00 0.000000000000000000e+00 0.000000000000000000e+00 1.000000000000000000e+00
2.093880319599999851e+01 -1.571664000000000116e-01 2.986501999999999839e+02 0.000000000000000000e+00 0.000000000000000000e+00 0.000000000000000000e+00 0.000000000000000000e+00 1.000000000000000000e+00
2.104072284700000139e+01 -1.498301000000000216e-01 3.002366999999999848e+02 0.000000000000000000e+00 0.000000000000000000e+00 0.000000000000000000e+00 0.000000000000000000e+00 1.000000000000000000e+00
2.113165712360000015e+01 -1.436566999999999983e-01 3.018211000000000013e+02 0.000000000000000000e+00 0.000000000000000000e+00 0.000000000000000000e+00 0.000000000000000000e+00 1.000000000000000000e+00
2.123269534110000123e+01 -1.362308000000000130e-01 3.034130000000000109e+02 0.000000000000000000e+00 0.000000000000000000e+00 0.000000000000000000e+00 0.000000000000000000e+00 1.000000000000000000e+00
2.133375525470000156e+01 -1.245795999999999987e-01 3.050095000000000027e+02 0.000000000000000000e+00 0.000000000000000000e+00 0.000000000000000000e+00 0.000000000000000000e+00 1.000000000000000000e+00
2.143549799919999899e+01 -1.113075000000000037e-01 3.066086000000000240e+02 0.000000000000000000e+00 0.000000000000000000e+00 0.000000000000000000e+00 0.000000000000000000e+00 1.000000000000000000e+00
2.153654670719999942e+01 -1.009904999999999969e-01 3.082115999999999758e+02 0.000000000000000000e+00 0.000000000000000000e+00 0.000000000000000000e+00 0.000000000000000000e+00 1.000000000000000000e+00
2.163788509369999957e+01 -9.649989999999999957e-02 3.098188999999999851e+02 0.000000000000000000e+00 0.000000000000000000e+00 0.000000000000000000e+00 0.000000000000000000e+00 1.000000000000000000e+00
2.173948240280000022e+01 -9.324941000000000479e-02 3.114331000000000245e+02 0.000000000000000000e+00 0.000000000000000000e+00 0.000000000000000000e+00 0.000000000000000000e+00 1.000000000000000000e+00
2.184056425090000175e+01 -9.658434000000000463e-02 3.130445000000000277e+02 0.000000000000000000e+00 0.000000000000000000e+00 0.000000000000000000e+00 0.000000000000000000e+00 1.000000000000000000e+00
2.193152189250000106e+01 -1.065230000000000066e-01 3.146682000000000130e+02 0.000000000000000000e+00 0.000000000000000000e+00 0.000000000000000000e+00 0.000000000000000000e+00 1.000000000000000000e+00
2.203236293790000033e+01 -1.079810999999999965e-01 3.162952999999999975e+02 0.000000000000000000e+00 0.000000000000000000e+00 0.000000000000000000e+00 0.000000000000000000e+00 1.000000000000000000e+00
2.213397836689999920e+01 -1.086696000000000190e-01 3.179241000000000099e+02 0.000000000000000000e+00 0.000000000000000000e+00 0.000000000000000000e+00 0.000000000000000000e+00 1.000000000000000000e+00
2.223492193219999891e+01 -1.058419000000000026e-01 3.195525000000000091e+02 0.000000000000000000e+00 0.000000000000000000e+00 0.000000000000000000e+00 0.000000000000000000e+00 1.000000000000000000e+00
2.233571815490000034e+01 -1.039698000000000011e-01 3.211822999999999979e+02 0.000000000000000000e+00 0.000000000000000000e+00 0.000000000000000000e+00 0.000000000000000000e+00 1.000000000000000000e+00
2.243655538559999840e+01 -1.009179000000000048e-01 3.228138999999999896e+02 0.000000000000000000e+00 0.000000000000000000e+00 0.000000000000000000e+00 0.000000000000000000e+00 1.000000000000000000e+00
2.253745317459999953e+01 -9.883113000000000314e-02 3.244397000000000162e+02 0.000000000000000000e+00 0.000000000000000000e+00 0.000000000000000000e+00 0.000000000000000000e+00 1.000000000000000000e+00
2.263813304900000034e+01 -9.648437999999999459e-02 3.260681999999999903e+02 0.000000000000000000e+00 0.000000000000000000e+00 0.000000000000000000e+00 0.000000000000000000e+00 1.000000000000000000e+00
2.273905777930000127e+01 -9.411052000000000306e-02 3.276976000000000226e+02 0.000000000000000000e+00 0.000000000000000000e+00 0.000000000000000000e+00 0.000000000000000000e+00 1.000000000000000000e+00
2.284020996090000111e+01 -8.496955999999999953e-02 3.293242000000000189e+02 0.000000000000000000e+00 0.000000000000000000e+00 0.000000000000000000e+00 0.000000000000000000e+00 1.000000000000000000e+00
2.294096755980000069e+01 -7.442717999999999556e-02 3.309508000000000152e+02 0.000000000000000000e+00 0.000000000000000000e+00 0.000000000000000000e+00 0.000000000000000000e+00 1.000000000000000000e+00
2.303190517430000028e+01 -6.421230999999999467e-02 3.325693999999999733e+02 0.000000000000000000e+00 0.000000000000000000e+00 0.000000000000000000e+00 0.000000000000000000e+00 1.000000000000000000e+00
2.313300275799999994e+01 -5.844894999999999952e-02 3.341893000000000029e+02 0.000000000000000000e+00 0.000000000000000000e+00 0.000000000000000000e+00 0.000000000000000000e+00 1.000000000000000000e+00
2.323421192169999827e+01 -5.434960999999999959e-02 3.358023999999999774e+02 0.000000000000000000e+00 0.000000000000000000e+00 0.000000000000000000e+00 0.000000000000000000e+00 1.000000000000000000e+00
2.333504343030000072e+01 -4.949748000000000342e-02 3.374096999999999866e+02 0.000000000000000000e+00 0.000000000000000000e+00 0.000000000000000000e+00 0.000000000000000000e+00 1.000000000000000000e+00
2.343571448329999996e+01 -4.548042000000000057e-02 3.390210999999999899e+02 0.000000000000000000e+00 0.000000000000000000e+00 0.000000000000000000e+00 0.000000000000000000e+00 1.000000000000000000e+00
2.353671169280000086e+01 -4.257007000000000152e-02 3.406286999999999807e+02 0.000000000000000000e+00 0.000000000000000000e+00 0.000000000000000000e+00 0.000000000000000000e+00 1.000000000000000000e+00
2.363743448259999980e+01 -3.930295999999999790e-02 3.422461999999999875e+02 0.000000000000000000e+00 0.000000000000000000e+00 0.000000000000000000e+00 0.000000000000000000e+00 1.000000000000000000e+00
2.373845195770000061e+01 -3.681003000000000053e-02 3.438528000000000020e+02 0.000000000000000000e+00 0.000000000000000000e+00 0.000000000000000000e+00 0.000000000000000000e+00 1.000000000000000000e+00
2.383927750590000016e+01 -3.514658999999999839e-02 3.454524999999999864e+02 0.000000000000000000e+00 0.000000000000000000e+00 0.000000000000000000e+00 0.000000000000000000e+00 1.000000000000000000e+00
2.394005465509999908e+01 -3.454790000000000638e-02 3.470554000000000201e+02 0.000000000000000000e+00 0.000000000000000000e+00 0.000000000000000000e+00 0.000000000000000000e+00 1.000000000000000000e+00
2.404084205630000071e+01 -3.707175000000000054e-02 3.486551000000000045e+02 0.000000000000000000e+00 0.000000000000000000e+00 0.000000000000000000e+00 0.000000000000000000e+00 1.000000000000000000e+00
2.413150954250000169e+01 -4.156332000000000082e-02 3.502531999999999925e+02 0.000000000000000000e+00 0.000000000000000000e+00 0.000000000000000000e+00 0.000000000000000000e+00 1.000000000000000000e+00
2.423321008679999977e+01 -5.261017999999999945e-02 3.518478000000000065e+02 0.000000000000000000e+00 0.000000000000000000e+00 0.000000000000000000e+00 0.000000000000000000e+00 1.000000000000000000e+00
2.433401441570000046e+01 -6.277075000000000016e-02 3.534463999999999828e+02 0.000000000000000000e+00 0.000000000000000000e+00 0.000000000000000000e+00 0.000000000000000000e+00 1.000000000000000000e+00
2.443527221680000139e+01 -7.506606000000000389e-02 3.550378999999999792e+02 0.000000000000000000e+00 0.000000000000000000e+00 0.000000000000000000e+00 0.000000000000000000e+00 1.000000000000000000e+00
2.453610491750000122e+01 -8.570355999999999808e-02 3.566308000000000220e+02 0.000000000000000000e+00 0.000000000000000000e+00 0.000000000000000000e+00 0.000000000000000000e+00 1.000000000000000000e+00
2.463746023179999867e+01 -9.729988999999999999e-02 3.582217999999999734e+02 0.000000000000000000e+00 0.000000000000000000e+00 0.000000000000000000e+00 0.000000000000000000e+00 1.000000000000000000e+00
2.473819994930000021e+01 -1.091014000000000012e-01 3.598125000000000000e+02 0.000000000000000000e+00 0.000000000000000000e+00 0.000000000000000000e+00 0.000000000000000000e+00 1.000000000000000000e+00
2.483901572230000099e+01 -1.223014000000000046e-01 3.614037000000000148e+02 0.000000000000000000e+00 0.000000000000000000e+00 0.000000000000000000e+00 0.000000000000000000e+00 1.000000000000000000e+00
2.493988561629999978e+01 -1.322206000000000214e-01 3.629889999999999759e+02 0.000000000000000000e+00 0.000000000000000000e+00 0.000000000000000000e+00 0.000000000000000000e+00 1.000000000000000000e+00
2.504060411449999890e+01 -1.419952000000000158e-01 3.645867000000000075e+02 0.000000000000000000e+00 0.000000000000000000e+00 0.000000000000000000e+00 0.000000000000000000e+00 1.000000000000000000e+00
2.513162708280000146e+01 -1.552998999999999907e-01 3.661838000000000193e+02 0.000000000000000000e+00 0.000000000000000000e+00 0.000000000000000000e+00 0.000000000000000000e+00 1.000000000000000000e+00
2.523272585870000029e+01 -1.668614999999999959e-01 3.677810999999999808e+02 0.000000000000000000e+00 0.000000000000000000e+00 0.000000000000000000e+00 0.000000000000000000e+00 1.000000000000000000e+00
2.533437752720000091e+01 -1.858911000000000036e-01 3.693865999999999872e+02 0.000000000000000000e+00 0.000000000000000000e+00 0.000000000000000000e+00 0.000000000000000000e+00 1.000000000000000000e+00
2.543520164490000113e+01 -2.029185000000000016e-01 3.709753000000000043e+02 0.000000000000000000e+00 0.000000000000000000e+00 0.000000000000000000e+00 0.000000000000000000e+00 1.000000000000000000e+00
2.553617715840000102e+01 -2.229981000000000602e-01 3.726154000000000224e+02 0.000000000000000000e+00 0.000000000000000000e+00 0.000000000000000000e+00 0.000000000000000000e+00 1.000000000000000000e+00
2.563755273820000014e+01 -2.378134000000000081e-01 3.742253000000000043e+02 0.000000000000000000e+00 0.000000000000000000e+00 0.000000000000000000e+00 0.000000000000000000e+00 1.000000000000000000e+00
2.573864722249999915e+01 -2.519893000000000272e-01 3.757810999999999808e+02 0.000000000000000000e+00 0.000000000000000000e+00 0.000000000000000000e+00 0.000000000000000000e+00 1.000000000000000000e+00
2.583940982820000087e+01 -2.625877999999999823e-01 3.773872999999999820e+02 0.000000000000000000e+00 0.000000000000000000e+00 0.000000000000000000e+00 0.000000000000000000e+00 1.000000000000000000e+00
2.594012141230000168e+01 -2.704012000000000082e-01 3.789929000000000201e+02 0.000000000000000000e+00 0.000000000000000000e+00 0.000000000000000000e+00 0.000000000000000000e+00 1.000000000000000000e+00
2.604095959660000048e+01 -2.783585000000000087e-01 3.806071000000000026e+02 0.000000000000000000e+00 0.000000000000000000e+00 0.000000000000000000e+00 0.000000000000000000e+00 1.000000000000000000e+00
2.613210129739999843e+01 -2.877925000000000066e-01 3.822201999999999771e+02 0.000000000000000000e+00 0.000000000000000000e+00 0.000000000000000000e+00 0.000000000000000000e+00 1.000000000000000000e+00
2.623295545579999910e+01 -2.960865999999999776e-01 3.838408000000000015e+02 0.000000000000000000e+00 0.000000000000000000e+00 0.000000000000000000e+00 0.000000000000000000e+00 1.000000000000000000e+00
2.633410859110000146e+01 -3.039651999999999910e-01 3.854511999999999716e+02 0.000000000000000000e+00 0.000000000000000000e+00 0.000000000000000000e+00 0.000000000000000000e+00 1.000000000000000000e+00
2.643530130390000110e+01 -3.110174000000000549e-01 3.870677999999999770e+02 0.000000000000000000e+00 0.000000000000000000e+00 0.000000000000000000e+00 0.000000000000000000e+00 1.000000000000000000e+00
2.653754949569999866e+01 -3.164538000000000073e-01 3.886856999999999971e+02 0.000000000000000000e+00 0.000000000000000000e+00 0.000000000000000000e+00 0.000000000000000000e+00 1.000000000000000000e+00
2.663857460019999834e+01 -3.206582000000001154e-01 3.903059000000000083e+02 0.000000000000000000e+00 0.000000000000000000e+00 0.000000000000000000e+00 0.000000000000000000e+00 1.000000000000000000e+00
2.673943018909999836e+01 -3.238002999999999854e-01 3.919359000000000037e+02 0.000000000000000000e+00 0.000000000000000000e+00 0.000000000000000000e+00 0.000000000000000000e+00 1.000000000000000000e+00
