0.000000000000000000e+00 0.000000000000000000e+00 0.000000000000000000e+00 0.000000000000000000e+00 9.907884213154560457e-03 1.979190887829462842e-02 7.465576387049240870e-01 6.649524842157520377e-01
1.033899784089999940e-01 -1.427247552201151848e-01 1.249723950866609812e+00 -6.195068349995835888e-03 9.715728377548331005e-03 2.054956340558722339e-02 7.466153843067466767e-01 6.648674965603463827e-01
2.070112228390000031e-01 -3.019076078198850155e-01 2.627547147218137980e+00 -8.094787589996599309e-03 9.796655355448808875e-03 2.102394009372710038e-02 7.467249612796658109e-01 6.647284044545289650e-01
2.992470264429999971e-01 -4.456708729267120361e-01 3.882746383547782898e+00 -1.427459715999646050e-02 1.085335518507228592e-02 2.123414134192391778e-02 7.467572270086941799e-01 6.646690603849286783e-01
4.176208972930000041e-01 -6.042088635731488466e-01 5.267596171703189611e+00 -1.900482176999673811e-02 1.081355967526348612e-02 2.142778001062639603e-02 7.467232822902377665e-01 6.647016299488517355e-01
5.187704563139999836e-01 -7.482460261089727283e-01 6.528892205562442541e+00 -2.753448485999854256e-02 1.060927200528992767e-02 2.179727188769264856e-02 7.466802707551989382e-01 6.647412245007180420e-01
6.198155879969999837e-01 -8.915708977729082108e-01 7.793412456754595041e+00 -3.701782225999750153e-02 1.075673606170111408e-02 2.272890488475121096e-02 7.466243504103804440e-01 6.647704633076866321e-01
7.324466705319999660e-01 -1.050669674295932055e+00 9.187687210272997618e+00 -4.718780516999743213e-02 1.031226297204611460e-02 2.289976851132569102e-02 7.466941106056556032e-01 6.646932849227170648e-01
8.415544033049999761e-01 -1.196680709719657898e+00 1.045737130148336291e+01 -5.849456786999951419e-02 1.076140481790673932e-02 2.217954886547912619e-02 7.467839164982076339e-01 6.646096913512972160e-01
9.459588527679999581e-01 -1.356919909012503922e+00 1.185840794816613197e+01 -7.645416258999659931e-02 1.081902622711431589e-02 2.018287991684319937e-02 7.468474837160123947e-01 6.646009600480724533e-01
1.036999464039999985e+00 -1.505123218637891114e+00 1.313518238300457597e+01 -9.157562254999618290e-02 1.005290296665920825e-02 1.864229262405048271e-02 7.467778385974649380e-01 6.647362362977975447e-01
1.155070304869999953e+00 -1.655727138859219849e+00 1.441458047181367874e+01 -9.958648680999715452e-02 9.215966196384107675e-03 1.779063655729418159e-02 7.467782857978085831e-01 6.647712020528866450e-01
1.235880613329999989e+00 -1.821254939888603985e+00 1.582579119363799691e+01 -1.045532226499972239e-01 8.510188388782233965e-03 1.757057678194784422e-02 7.467449535222033807e-01 6.648239059437166532e-01
1.368423700329999937e+00 -1.969601806718856096e+00 1.711236602719873190e+01 -1.090393066399997224e-01 8.237021655634104919e-03 1.918561426347598076e-02 7.465939437697542980e-01 6.649522891199806107e-01
1.449538707729999931e+00 -2.130800271057523787e+00 1.853065660269930959e+01 -1.156158447199970851e-01 8.754825660336806870e-03 2.145809004375509588e-02 7.464716291308215457e-01 6.650135414426603386e-01
1.560607910159999889e+00 -2.276561011793091893e+00 1.982181744137778878e+01 -1.279220580999975709e-01 1.041547272603126836e-02 2.175635470121972670e-02 7.465256957381483094e-01 6.649192165674573385e-01
1.668039560320000003e+00 -2.442232771543785930e+00 2.124678423162549734e+01 -1.342544555599971545e-01 1.181425962046529256e-02 2.145521922813453664e-02 7.465578663249092806e-01 6.648694977707215736e-01
1.771432161329999921e+00 -2.595104423002339900e+00 2.254546514293178916e+01 -1.348266601499972239e-01 1.162811379306562427e-02 2.016080751339488497e-02 7.463739559406035173e-01 6.651197235863612889e-01
1.884269952769999978e+00 -2.749946517171338201e+00 2.384810333978384733e+01 -1.369857787999961829e-01 1.024841514295205154e-02 1.941084261926928622e-02 7.461508302730907038e-01 6.654150040828992196e-01
1.965121269229999967e+00 -2.917223717551678419e+00 2.528654333390295506e+01 -1.359558105399969463e-01 7.394246787297316902e-03 2.106436112156329088e-02 7.459401232951988758e-01 6.656387535768423236e-01
2.095921278000000054e+00 -3.065484347753226757e+00 2.659544470487162471e+01 -1.440887451099968075e-01 8.142275272276757597e-03 2.196508906996386123e-02 7.457645765992408915e-01 6.657975927451935672e-01
2.211355686190000114e+00 -3.226730856811627746e+00 2.803888557944446802e+01 -1.498565673799987508e-01 1.025114080790865204e-02 2.304748561435121523e-02 7.458425284441340120e-01 6.656445374845746388e-01
2.295836448669999807e+00 -3.375032729469239712e+00 2.935317415418103337e+01 -1.571197509699970851e-01 1.136562159520036926e-02 2.243985402921322425e-02 7.458217637810841127e-01 6.656704682253636873e-01
2.408749103549999937e+00 -3.539496462210081518e+00 3.080318062566220760e+01 -1.614379882799994448e-01 1.226466205030884993e-02 2.169808957539165473e-02 7.456662319181728282e-01 6.658533183446069259e-01
2.500620603559999822e+00 -3.690741449594497681e+00 3.212396795209497213e+01 -1.647644042899969463e-01 1.135211118368587013e-02 2.038449213222293110e-02 7.454602397780659695e-01 6.661416012847513057e-01
2.598700046539999864e+00 -3.841061926563270390e+00 3.344729068456217647e+01 -1.681442260699981261e-01 1.182437694380395442e-02 1.934932545194445463e-02 7.453339109688437158e-01 6.663055972107199132e-01
2.712031602859999779e+00 -4.005738061270676553e+00 3.490720795327797532e+01 -1.659469604399959053e-01 1.167650830689173982e-02 1.886252008760624932e-02 7.453691818357035537e-01 6.662827082097191322e-01
2.804209470750000044e+00 -4.156217013136483729e+00 3.623787759523838758e+01 -1.600418090799990978e-01 1.083008656817436091e-02 1.958413550626980637e-02 7.454031584744911232e-01 6.662381722759885827e-01
2.916981220249999840e+00 -4.320266341674141586e+00 3.770453692739829421e+01 -1.616058349599995836e-01 9.935869991767227322e-03 1.979256551807917486e-02 7.455626128942264286e-01 6.660675064076112539e-01
3.020824193949999792e+00 -4.469808361376635730e+00 3.903883517254143953e+01 -1.668167114199974321e-01 9.183714426785859197e-03 1.872229557587390403e-02 7.456017151068831117e-01 6.660654753606217726e-01
3.130868911739999927e+00 -4.619419116526842117e+00 4.037593722762539983e+01 -1.762237548799987508e-01 8.441678198903145025e-03 1.774205344450763278e-02 7.455841237116226372e-01 6.661218147440681747e-01
3.230589628220000176e+00 -4.787218698882497847e+00 4.185022554732859135e+01 -1.777038574199991672e-01 7.488745413273371031e-03 1.707954697206559569e-02 7.456100255797113441e-01 6.661215335975753105e-01
3.332717895510000083e+00 -4.938371479744091630e+00 4.319357802951708436e+01 -1.824951171799966687e-01 7.012109007968212772e-03 1.675813684301119544e-02 7.457078036248719899e-01 6.660254250325440273e-01
3.438741207120000087e+00 -5.103536475682631135e+00 4.467408479098230600e+01 -1.877441406199977791e-01 7.549527297822300129e-03 1.702121231037512228e-02 7.458479250789448178e-01 6.658559571142220745e-01
3.534553289409999799e+00 -5.253932453226298094e+00 4.602310115937143564e+01 -1.952819824199991672e-01 8.053381426050339187e-03 1.711603671010852867e-02 7.460564526050271761e-01 6.656139675978473003e-01
3.646157026290000047e+00 -5.420857467572204769e+00 4.751055106427520514e+01 -2.010574340799990978e-01 7.977330369534072971e-03 1.760987941391767286e-02 7.463904239846973487e-01 6.652274718704467293e-01
3.743299722670000218e+00 -5.575737213599495590e+00 4.886570923170074821e+01 -2.055816650299959747e-01 7.614274931657841021e-03 1.780603281904047375e-02 7.467156965184583717e-01 6.648613664407538870e-01
3.845086097719999874e+00 -5.731843787129037082e+00 5.022323373379185796e+01 -2.120666503899997224e-01 7.314705787038624715e-03 1.765875088627177902e-02 7.470621419099792160e-01 6.644793598910807564e-01
3.958981513979999978e+00 -5.905345667386427522e+00 5.171893851552158594e+01 -2.206192016599999306e-01 7.464526904812182617e-03 1.753997137152896180e-02 7.474724267173060710e-01 6.640192779880075280e-01
4.062741279599999977e+00 -6.063960902974940836e+00 5.308103598887100816e+01 -2.286834716699956971e-01 6.930461555848582179e-03 1.785411790704793944e-02 7.478348900593377868e-01 6.636084511112880779e-01
4.167532682420000079e+00 -6.241173465969040990e+00 5.458054837444797158e+01 -2.346038818299973627e-01 7.064645726022686020e-03 1.872995648174680117e-02 7.480986365000340532e-01 6.632855415111567066e-01
4.309745311740000417e+00 -6.402112425188533962e+00 5.594378658570349216e+01 -2.424316406199977791e-01 7.578844563081936492e-03 1.923729162537979320e-02 7.482845010595160495e-01 6.630556486450583931e-01
4.360571622850000217e+00 -6.563165449304506183e+00 5.730656604235991836e+01 -2.499771118099971545e-01 8.494122297893615808e-03 1.991976666072492463e-02 7.484615495721064216e-01 6.628245330362265708e-01
4.480921983720000057e+00 -6.739797214511781931e+00 5.880495957471430302e+01 -2.603836059499968769e-01 8.792000649389983963e-03 2.060568622391101279e-02 7.484679152467512697e-01 6.627924911056286561e-01
4.585413694379999683e+00 -6.901007100823335350e+00 6.016611802065744996e+01 -2.678222656199977791e-01 8.946347425257366107e-03 2.124537975867546447e-02 7.483167082376979140e-01 6.629409482593097147e-01
4.690208673479999923e+00 -7.078216036548838019e+00 6.166193714272230864e+01 -2.753906250000000000e-01 9.076930627430031956e-03 2.187083970638914465e-02 7.481679629482931304e-01 6.630867024143398680e-01
4.777867555620000317e+00 -7.239933044183999300e+00 6.301928232889622450e+01 -2.803573608400000694e-01 9.842883475228828699e-03 2.242660968875764826e-02 7.480051311542238457e-01 6.632408978566644020e-01
4.897787570950000280e+00 -7.398782416014000773e+00 6.437424402032047510e+01 -2.885894775299959747e-01 1.065071996354909935e-02 2.271692370946509776e-02 7.478322630778108104e-01 6.634134531657887024e-01
5.000192165369999664e+00 -7.573781970539130270e+00 6.586205096682533622e+01 -2.965011596599964605e-01 1.083371806326465826e-02 2.248109382444862803e-02 7.476050295775307220e-01 6.636745819479313857e-01
5.091912984850000434e+00 -7.732477516517974436e+00 6.721231639571487904e+01 -3.045959472599975015e-01 1.027203866161161168e-02 2.187636602212794656e-02 7.473675823999355039e-01 6.639710886846474924e-01
5.209576368329999596e+00 -7.910975556005723774e+00 6.869528565043583512e+01 -3.063964843699977791e-01 8.736577707182714009e-03 2.121780566284448000e-02 7.472382741158966057e-01 6.641599495822639865e-01
5.305261373519999601e+00 -8.071240569581277668e+00 7.004101154813542962e+01 -3.121795654199956971e-01 7.089496846150767327e-03 2.032903166083122048e-02 7.470385738975940937e-01 6.644319668824263392e-01
5.405196189879999835e+00 -8.247579994727857411e+00 7.151752427779138088e+01 -3.209838867099961135e-01 5.586921176571792678e-03 1.905907985749932809e-02 7.468244003556815391e-01 6.647246443604517552e-01
5.524588108059999669e+00 -8.406044688541442156e+00 7.285729118064045906e+01 -3.325805663999972239e-01 4.284809027593295370e-03 1.732035369182893803e-02 7.466618446331478864e-01 6.649644618538741447e-01
5.615847349170000058e+00 -8.562928442028351128e+00 7.419475395418703556e+01 -3.445587158199998612e-01 3.464246453002915380e-03 1.605191161739838446e-02 7.464649853291415171e-01 6.652220387265482815e-01
5.730330705640000133e+00 -8.737594289705157280e+00 7.566331891668960452e+01 -3.498840331999986120e-01 2.817810591859014942e-03 1.512781759783288216e-02 7.462462235566695856e-01 6.654921358705935264e-01
5.834581851960000343e+00 -8.892330996575765312e+00 7.699677458824589849e+01 -3.567962646399962523e-01 2.671028818708600684e-03 1.506148029096965324e-02 7.461403200452558782e-01 6.656129808073592002e-01
5.940171003339999700e+00 -9.059792055515572429e+00 7.846016686782240868e+01 -3.646697997999979179e-01 3.054613951655893271e-03 1.559043124862669050e-02 7.460751176295188358e-01 6.656722366459242313e-01
6.042253971100000065e+00 -9.209961063577793539e+00 7.978752069920301437e+01 -3.743972778299990978e-01 3.770295227479224590e-03 1.570357744913342124e-02 7.460849459051702715e-01 6.656548925853965626e-01
6.148041486740000394e+00 -9.361671973718330264e+00 8.111188543867319822e+01 -3.802337646399962523e-01 4.073926159695083829e-03 1.593788241252180882e-02 7.461672670784080807e-01 6.655552543332445836e-01
6.255394697189999853e+00 -9.528207171824760735e+00 8.256704382365569472e+01 -3.877944946199960441e-01 3.962332721630627483e-03 1.601461712632290535e-02 7.462509982217597759e-01 6.654602013724991716e-01
6.353952407839999594e+00 -9.683916755020618439e+00 8.388881209958344698e+01 -3.943023681599981956e-01 4.312742473537492689e-03 1.601191973565241344e-02 7.464147356562840230e-01 6.652744253869191660e-01
6.457683086400000327e+00 -9.858090690686367452e+00 8.533812373317778111e+01 -4.015197753899997224e-01 4.058646916258124883e-03 1.601199137287889762e-02 7.466759513175256213e-01 6.649828322908435396e-01
6.559616804120000033e+00 -1.002274171938188374e+01 8.665666780481114984e+01 -4.042816162099995836e-01 3.932709719052554856e-03 1.637089531653046492e-02 7.469719674601180692e-01 6.646423153919417404e-01
6.660763025279999638e+00 -1.018284822872374207e+01 8.797201571520417929e+01 -4.102096557599992366e-01 4.239595149310227025e-03 1.747728234673961989e-02 7.473134191893476830e-01 6.642282920308864025e-01
6.772031307219999796e+00 -1.036333291290793568e+01 8.941374142421409488e+01 -4.165649413999972239e-01 4.726158818080260053e-03 1.857081666045667934e-02 7.477105978041977963e-01 6.637481827641252830e-01
6.863089799880000008e+00 -1.052658111578784883e+01 9.071945601701736450e+01 -4.252471923799987508e-01 5.306725741596249671e-03 1.935336407781584889e-02 7.478881112600209713e-01 6.635214080922281488e-01
6.977308273320000254e+00 -1.071006484143435955e+01 9.215149337286129594e+01 -4.346389770499996530e-01 6.031468217230226761e-03 1.962612305453981243e-02 7.480344671972832815e-01 6.633421986952658944e-01
7.080633163449999934e+00 -1.087640059925615788e+01 9.344971111370250583e+01 -4.433212280199967381e-01 6.619565475944594497e-03 1.990781645753325613e-02 7.481076460360837066e-01 6.632456634906503945e-01
7.186574459080000032e+00 -1.106489955459255725e+01 9.487199519248679280e+01 -4.505386352499982650e-01 6.558009852469645282e-03 1.952290058138450579e-02 7.481588640177925242e-01 6.631999419867822265e-01
7.289862155909999863e+00 -1.123438515095040202e+01 9.616212829900905490e+01 -4.573516845699998612e-01 6.867371688123113764e-03 1.937176714710919789e-02 7.481171046077709219e-01 6.632483483861697504e-01
7.392351388929999878e+00 -1.140219740348402411e+01 9.745049581630155444e+01 -4.642639160099975015e-01 6.895080426166567793e-03 1.889693140132719940e-02 7.480480466600358813e-01 6.633396443283291477e-01
7.493365526199999849e+00 -1.158752735482994467e+01 9.886492729838937521e+01 -4.700927734299966687e-01 6.276463683285900437e-03 1.833149971503822417e-02 7.479402435332720422e-01 6.634831981483930718e-01
7.594712972640000004e+00 -1.174859298311639577e+01 1.001479766159318388e+02 -4.775848388599968075e-01 5.635427886004715919e-03 1.860824701272389969e-02 7.478695322630738440e-01 6.635609525946097875e-01
7.706883907319999949e+00 -1.193157344078645110e+01 1.015561527409590781e+02 -4.818572997999979179e-01 4.632710884317029279e-03 1.863146001908688731e-02 7.478324045532045439e-01 6.636099015141293522e-01
7.809122562409999802e+00 -1.209570360521320254e+01 1.028340055202133954e+02 -4.899139404199956971e-01 5.270643417460436214e-03 1.840165131052629022e-02 7.478080910968737394e-01 6.636389518684545630e-01
7.915757656100000261e+00 -1.226081827934831381e+01 1.041098784115165472e+02 -4.979171752899986814e-01 6.270993507826956581e-03 1.757599047012503579e-02 7.477727694577995798e-01 6.636924321226146395e-01
8.019515275959999911e+00 -1.243368550052400678e+01 1.055145564833655953e+02 -5.086746215799990978e-01 6.917404343438670125e-03 1.740283565987721381e-02 7.477774549851173846e-01 6.636852933764051388e-01
8.122824668879999876e+00 -1.260061071917880327e+01 1.067952052378095686e+02 -5.076446533199998612e-01 7.132587717051277858e-03 1.857837530590888964e-02 7.477133265767195169e-01 6.637233997856544221e-01
8.225926876069999949e+00 -1.278198324749246240e+01 1.081983870542608202e+02 -5.078430175699963911e-01 7.134242773514222133e-03 2.022409167746030967e-02 7.474697656194603246e-01 6.639495750286004139e-01
8.330652713779999274e+00 -1.295247884653508663e+01 1.094723006882704794e+02 -5.071029662999961829e-01 7.389747306008914718e-03 2.100480773303980975e-02 7.471588159272273266e-01 6.642724542453002368e-01
8.421548843380000093e+00 -1.311972492700442672e+01 1.107419234998524189e+02 -5.108566284099964605e-01 8.207357560787380268e-03 2.091813749909576803e-02 7.469165081070822110e-01 6.645380355725030164e-01
8.540811300279999685e+00 -1.329966169968247414e+01 1.121357493824325502e+02 -5.167007446199960441e-01 8.475996778279735328e-03 1.932213174354169283e-02 7.467005907122412633e-01 6.648255715099180563e-01
8.641842842100000865e+00 -1.345317105378489941e+01 1.134024376939050853e+02 -5.258560180599971545e-01 8.657287720969493797e-03 1.790874818567411708e-02 7.463725992188230407e-01 6.652309908919429304e-01
8.742878437039999895e+00 -1.362083065509796143e+01 1.147973296032287180e+02 -5.328674316399997224e-01 7.652992685882469698e-03 1.667767914994255918e-02 7.459122211924669177e-01 6.657914425680473425e-01
8.845037698749999677e+00 -1.377109464327804744e+01 1.160674029272049665e+02 -5.379638671799966687e-01 6.399022490333704932e-03 1.685476228136162380e-02 7.454759228903612422e-01 6.662886896011147586e-01
8.958438396449999175e+00 -1.393292419065255672e+01 1.174663967080414295e+02 -5.449752807599992366e-01 5.442266305679360587e-03 1.766855509291387349e-02 7.451134223103071941e-01 6.666814770123796752e-01
9.059946775440000266e+00 -1.407828926190268248e+01 1.187394081000238657e+02 -5.561447143499975709e-01 5.504029577070515197e-03 1.824235062612766800e-02 7.448534191978325447e-01 6.669560002064202076e-01
9.162673234939999745e+00 -1.422873618162702769e+01 1.200209051859565079e+02 -5.636901855399969463e-01 5.616882848854191923e-03 1.783186149538518173e-02 7.445321325938584200e-01 6.673247926444163536e-01
9.269457817079999273e+00 -1.440733950608409941e+01 1.214511598362587392e+02 -5.568542480399969463e-01 5.166686372650788027e-03 1.696850952437700677e-02 7.441155639005135880e-01 6.678153955978166634e-01
9.371561527249999912e+00 -1.456415797653608024e+01 1.227455882560461760e+02 -5.557937621999968769e-01 4.629092012187021807e-03 1.611764044071162250e-02 7.437698571936657288e-01 6.682254056109214746e-01
9.475391626360000430e+00 -1.473486518196295947e+01 1.241717521939426661e+02 -5.540924072199970851e-01 4.761366823489661393e-03 1.544597547165726947e-02 7.433811870601266802e-01 6.686726867106042027e-01
9.579712390899999264e+00 -1.488545860035810620e+01 1.254641056549735367e+02 -5.561218261699991672e-01 4.603597501733984292e-03 1.487443380855091313e-02 7.430402093624952631e-01 6.690656211310342938e-01
9.683035135269999927e+00 -1.504211093252524734e+01 1.267606900963000953e+02 -5.436172485299977097e-01 4.978633198197355766e-03 1.507948909283707284e-02 7.427366739107377214e-01 6.693952908769165155e-01
9.784009218219999582e+00 -1.520726896566338837e+01 1.281812727134674788e+02 -5.370101928699995142e-01 4.843860862816532810e-03 1.556790053270684648e-02 7.424616874064652317e-01 6.696900926686090161e-01
9.885265111920000791e+00 -1.535963283898308873e+01 1.294758218247443438e+02 -5.274047851499972239e-01 4.588397479164144262e-03 1.640734873043880881e-02 7.421815770109527755e-01 6.699822775728825341e-01
9.998736381529999662e+00 -1.551918507984373719e+01 1.308946104003116488e+02 -5.278472900299959747e-01 4.920058692742856725e-03 1.684172349764778698e-02 7.420608870284882697e-01 6.701028199571933408e-01
1.009412574769999971e+01 -1.566454223252367228e+01 1.321867951070889831e+02 -5.259399413999972239e-01 5.450308209256532303e-03 1.770586624907188877e-02 7.420466063310312554e-01 6.700922551958004014e-01
1.019542121889999997e+01 -1.581235586444381624e+01 1.334760393146425486e+02 -5.170440673799987508e-01 5.789056534810427604e-03 1.848332600939861514e-02 7.421302284743961364e-01 6.699758036441376685e-01
1.030426740649999928e+01 -1.597631476726382971e+01 1.348941193502396345e+02 -5.082778930599971545e-01 6.470558388459428205e-03 1.894817025481665418e-02 7.423043237607018785e-01 6.697636819388634866e-01
1.040529370309999990e+01 -1.612219482765067369e+01 1.361821344131603837e+02 -5.071105956999986120e-01 7.035963500316909543e-03 1.948747807433914847e-02 7.426912650553398887e-01 6.693133931324123376e-01
1.051748919489999956e+01 -1.628449801180977374e+01 1.375996979353949428e+02 -5.040588378899997224e-01 7.103637408414483108e-03 2.033163070976717890e-02 7.430545834409193473e-01 6.688841821688511491e-01
1.062332010269999927e+01 -1.643180362461134791e+01 1.388873009560629725e+02 -5.034942626899976403e-01 7.504708652227434947e-03 2.099469604565817882e-02 7.433624120665729418e-01 6.685171848296513897e-01
1.072437191010000035e+01 -1.659656436112709343e+01 1.403038494656793773e+02 -4.972305297799977097e-01 7.815773535889896512e-03 2.124312193141786320e-02 7.438103530348677550e-01 6.680073369153877172e-01
1.082992434500000023e+01 -1.674595067917834967e+01 1.415905835758894682e+02 -4.976654052699984732e-01 8.076858682460791999e-03 2.118973629957865423e-02 7.442072952210732062e-01 6.675636757412075628e-01
1.092152476310000075e+01 -1.689681480545550585e+01 1.428770488090813160e+02 -4.994430541899959053e-01 8.357709534592224279e-03 2.116369841937815188e-02 7.445364459858131445e-01 6.671939202056352824e-01
1.103982067109999932e+01 -1.706375915301032364e+01 1.442917669750750065e+02 -5.002288818299973627e-01 9.671652067368910130e-03 2.121988499385341065e-02 7.448568442280200097e-01 6.668166593853303015e-01
1.113692903519999966e+01 -1.721609170909505337e+01 1.455765342800877988e+02 -4.956283569299984038e-01 1.198969356279627405e-02 2.271404232569562698e-02 7.451426476033176094e-01 6.664103497487225969e-01
1.125082802770000079e+01 -1.738473857170902193e+01 1.469909992069005966e+02 -4.804382324199991672e-01 1.332064699370463443e-02 2.635988201508931983e-02 7.454417518546403443e-01 6.659161445525288991e-01
1.133345746990000080e+01 -1.753480933781247586e+01 1.482765352595597506e+02 -4.775161743099971545e-01 1.543777958897714873e-02 2.939425870922751649e-02 7.457914583578906242e-01 6.653516011528848306e-01
1.144529581069999935e+01 -1.768839878309518099e+01 1.495610232916660607e+02 -4.765701293899979873e-01 1.739872645070734969e-02 2.987997195935088168e-02 7.461350078298544242e-01 6.648962488120567782e-01
1.156087088580000000e+01 -1.786081631318666041e+01 1.509732834901660681e+02 -4.808197021399962523e-01 1.896578856082509201e-02 2.849412777109627815e-02 7.460503129204046902e-01 6.650092586860704147e-01
1.166268014909999984e+01 -1.802202342590317130e+01 1.522571746795438230e+02 -4.745559692299963217e-01 1.844918924106406927e-02 2.661759086218662418e-02 7.458312166393502585e-01 6.653472233047246220e-01
1.176606631279999959e+01 -1.819122079841326922e+01 1.536697404803708196e+02 -4.710159301699974321e-01 1.834278516776219684e-02 2.659204578587437418e-02 7.455709511526497080e-01 6.656428187327981805e-01
1.187136983869999973e+01 -1.833958016708493233e+01 1.549544805698096752e+02 -4.642257690399986814e-01 1.807699626243370813e-02 2.856366427854639678e-02 7.453313055471533222e-01 6.658367549636219351e-01
1.197640085219999939e+01 -1.848354247841052711e+01 1.562409986671991646e+02 -4.610519409099964605e-01 1.862799746779780774e-02 3.161299662872596450e-02 7.450716256653555636e-01 6.659743904857574615e-01
1.207989859579999958e+01 -1.863754139421507716e+01 1.576555490340106189e+02 -4.633255004799963217e-01 1.980118835723488138e-02 3.348858798782505808e-02 7.449899302816892499e-01 6.659402609792469674e-01
1.217834854130000011e+01 -1.877806567971128970e+01 1.589426093469373882e+02 -4.672546386699991672e-01 2.027787579937787715e-02 3.428822576429446656e-02 7.449816934006481262e-01 6.658944374485374906e-01
1.234817290310000004e+01 -1.893420734326355159e+01 1.603594317189417779e+02 -4.694900512599957665e-01 1.956259284994031622e-02 3.377796651620146307e-02 7.447239656721187373e-01 6.662301170711294462e-01
1.239726066589999931e+01 -1.907979168440215290e+01 1.616485553551465273e+02 -4.743881225499961829e-01 1.840499514080469121e-02 3.226215995411585435e-02 7.444059695949949429e-01 6.666934540103851559e-01
1.250057005879999927e+01 -1.923397831211332232e+01 1.630679928357712924e+02 -4.793930053699995142e-01 1.811757355321630403e-02 3.010226197164822537e-02 7.441472264166159034e-01 6.670910828134284376e-01
1.260193324089999933e+01 -1.937370225996710360e+01 1.643615582180209458e+02 -4.851150512599957665e-01 1.750165008213908080e-02 2.881754600513730669e-02 7.439536560598797310e-01 6.673801007834907484e-01
1.270567870140000011e+01 -1.951302442979067564e+01 1.656577584645710886e+02 -4.868850707999996530e-01 1.634750754800171763e-02 2.854363466541098848e-02 7.438509884606561151e-01 6.675355622610383843e-01
1.280947947499999984e+01 -1.966435255203396082e+01 1.670856050783768296e+02 -4.891738891599999306e-01 1.586361841210569626e-02 2.781721134663561745e-02 7.439618140572216154e-01 6.674543936393405597e-01
1.290766143799999988e+01 -1.980504199769347906e+01 1.683856615191325545e+02 -4.954299926699974321e-01 1.612529902255293440e-02 2.637573704567797162e-02 7.441482840079176597e-01 6.672987536589598534e-01
1.301928663250000007e+01 -1.996155221736989915e+01 1.698178715789690614e+02 -5.003509521399962523e-01 1.600727941156827178e-02 2.397776105235083222e-02 7.443780562211509411e-01 6.671357758336590171e-01
1.312096738820000041e+01 -2.008099978673271835e+01 1.711209172387607396e+02 -5.129928588799970157e-01 1.491358216034548330e-02 2.181063591931209356e-02 7.445058047344872421e-01 6.670929380113350682e-01
1.321354889869999916e+01 -2.020522229687776417e+01 1.724288323582150042e+02 -5.138549804599961135e-01 1.314601257303169013e-02 2.039219973118810980e-02 7.444757165082293016e-01 6.672085491606891683e-01
1.332304477689999977e+01 -2.035818411863874644e+01 1.738735568369738758e+02 -5.145339965799990978e-01 1.100650399848073988e-02 1.996753516719329546e-02 7.443421562866283647e-01 6.674091015139445027e-01
1.343237757680000044e+01 -2.049078306986484677e+01 1.751899616559967399e+02 -5.180282592699967381e-01 1.014541503970092448e-02 2.044355597271763081e-02 7.443024049468316417e-01 6.674526661593510601e-01
1.353719091419999998e+01 -2.063915708637796342e+01 1.766359666222706437e+02 -5.395507812500000000e-01 1.064446669471769656e-02 2.202479515613686711e-02 7.445504013388843934e-01 6.671179083139812116e-01
1.364230895040000036e+01 -2.077209866303019226e+01 1.779515887186862528e+02 -5.574569702099978485e-01 1.152375278548400939e-02 2.291642411088534725e-02 7.450519632217925681e-01 6.665130251743485168e-01
1.374631738659999947e+01 -2.092882418970111758e+01 1.794024336198344827e+02 -5.726394653299990978e-01 1.329216286512963259e-02 2.161236055724635730e-02 7.457552701629097669e-01 6.657366606262241637e-01
1.384922242160000039e+01 -2.107387564622331411e+01 1.807224958301521838e+02 -5.845947265599988896e-01 1.456947747462354441e-02 1.979127279136627671e-02 7.462344216193823598e-01 6.652294520222323815e-01
1.395401835440000049e+01 -2.122680167027283460e+01 1.820468871504999697e+02 -5.888900756799984038e-01 1.339927890032438507e-02 1.775007680693418965e-02 7.464845583865981071e-01 6.650309753602945406e-01
1.405641579629999960e+01 -2.139585714926943183e+01 1.835072030550800264e+02 -5.902938842699967381e-01 1.142791357746454281e-02 1.666925255328566280e-02 7.465807413713889673e-01 6.649877708829897704e-01
1.415572977070000071e+01 -2.154336239211261272e+01 1.848383050472475588e+02 -5.923995971599964605e-01 9.764786441495639652e-03 1.703816416621306562e-02 7.465220925801507867e-01 6.650707595416815998e-01
1.426801800730000025e+01 -2.170608700125012547e+01 1.863057750980369747e+02 -5.914077758699960441e-01 8.664069208542684794e-03 1.749548497934139135e-02 7.463972692464767578e-01 6.652142199107663467e-01
1.437598967549999962e+01 -2.186017070128582418e+01 1.876428767549805343e+02 -5.890121459899972933e-01 8.576155256200835089e-03 1.798509162062655875e-02 7.463666764031260392e-01 6.652366273705695443e-01
1.446697211270000061e+01 -2.201312834129203111e+01 1.889831870724447072e+02 -5.880279540999993060e-01 8.754428986407214452e-03 1.875793415899318362e-02 7.463716048704188699e-01 6.652074318003100561e-01
1.457846474649999990e+01 -2.218038143531884998e+01 1.904609009656123817e+02 -5.862655639599978485e-01 9.495046923153822524e-03 1.992849731004620040e-02 7.463410568989610194e-01 6.651975089143317144e-01
1.468161344530000001e+01 -2.233490690810140222e+01 1.918073193826712668e+02 -5.832595825099957665e-01 1.034660073497737330e-02 2.087591675979316719e-02 7.461870408328848958e-01 6.653285233970751555e-01
1.478270149229999930e+01 -2.250480071955826133e+01 1.932926596850156784e+02 -5.764007568299973627e-01 1.101805705011133299e-02 2.241219449775067041e-02 7.460287882348419775e-01 6.654452216985919932e-01
1.489484953880000084e+01 -2.266004802193492651e+01 1.946470131441019475e+02 -5.715332031199977791e-01 1.166656299277752870e-02 2.445599937813047742e-02 7.458444302857945019e-01 6.655688403268364972e-01
1.500967335700000049e+01 -2.283474528149235994e+01 1.961394900381565094e+02 -5.584640502899986814e-01 1.285027280637502517e-02 2.565590857360566801e-02 7.457129644046979200e-01 6.656491715331900316e-01
1.510084486010000049e+01 -2.299385813600383699e+01 1.974983454472385347e+02 -5.574417114199974321e-01 1.375905348414108512e-02 2.362103315071151233e-02 7.456626246727944274e-01 6.657627095341051016e-01
1.520419979100000063e+01 -2.315995407954324037e+01 1.988586623105220497e+02 -5.426712036099985426e-01 1.376575544273807294e-02 1.946859266714628944e-02 7.455917667736008392e-01 6.659762722470466967e-01
1.531116557120000010e+01 -2.334429617121350020e+01 2.003605342647060752e+02 -5.302124023399983344e-01 1.063593209348562274e-02 1.566677863700127737e-02 7.452941926338509937e-01 6.664667999397255738e-01
1.541266560550000086e+01 -2.351238866348285228e+01 2.017288762526586652e+02 -5.161819457999996530e-01 6.417459241447231490e-03 1.403085850442586935e-02 7.449339102328553786e-01 6.669598343316492928e-01
1.551914668080000048e+01 -2.368861476075835526e+01 2.032377743907272816e+02 -5.181198120099992366e-01 5.032048375853256407e-03 1.431339189711078319e-02 7.447020817055037822e-01 6.672245610025400175e-01
1.562074828149999917e+01 -2.384370955813210458e+01 2.046118210912682116e+02 -5.225601196199960441e-01 5.706350379648608348e-03 1.503035939739061355e-02 7.448534555393850898e-01 6.670343736515887967e-01
1.571175885200000089e+01 -2.399872873071581125e+01 2.059907835181802511e+02 -5.258636474599995836e-01 6.692807115951635716e-03 1.616268564066536406e-02 7.451952330480500208e-01 6.666168603990236807e-01
1.582792615890000043e+01 -2.417227415239904076e+01 2.075111282281577587e+02 -5.324630737299997918e-01 7.594348890521975502e-03 1.708838088635911134e-02 7.455582452131416238e-01 6.661780663593728224e-01
1.591884589200000022e+01 -2.433189917181152850e+01 2.089016552334651351e+02 -5.393066406199977791e-01 7.813243367757913629e-03 1.667869417362932705e-02 7.457274571814229702e-01 6.659964969836306148e-01
1.603714990619999980e+01 -2.451173781906254590e+01 2.104352452591992915e+02 -5.339660644499986120e-01 7.242871693872995204e-03 1.617079790837439024e-02 7.457825392706934897e-01 6.659537898560144997e-01
1.614112401010000042e+01 -2.467594776826445013e+01 2.118313222643919289e+02 -5.297393798799987508e-01 6.489106855747358953e-03 1.603486123062602964e-02 7.458366959197104684e-01 6.659041956145785868e-01
1.623209905619999915e+01 -2.484059027244802564e+01 2.132294012298807502e+02 -5.227737426699974321e-01 6.709418863654879363e-03 1.622270381455948041e-02 7.459032668425676915e-01 6.658228924369018475e-01
1.634990525250000104e+01 -2.501772226963657886e+01 2.147758560259826481e+02 -5.218963622999979179e-01 7.408860013248943360e-03 1.590286321066047837e-02 7.460336220855995348e-01 6.656771307870267274e-01
1.645503664019999945e+01 -2.517811843345407397e+01 2.161840322487987578e+02 -5.243301391599999306e-01 7.698779155971004554e-03 1.614812598453796433e-02 7.460849891100576059e-01 6.656103633893779570e-01
1.655618906020000125e+01 -2.536026004038285464e+01 2.177366119106300175e+02 -5.230026245099992366e-01 7.457258209274923375e-03 1.612538969684307322e-02 7.462464515388453901e-01 6.654326372164260928e-01
1.666455221180000024e+01 -2.552807303005829453e+01 2.191489498359151185e+02 -5.210952758699960441e-01 7.647566869836830775e-03 1.593797072696989670e-02 7.463558399804868237e-01 6.653122995534501705e-01
1.680209875110000084e+01 -2.571083724673371762e+01 2.207060524178668857e+02 -5.176773071199960441e-01 7.716700049227084163e-03 1.581007694391767249e-02 7.464282008078189090e-01 6.652333688610184703e-01
1.686336517330000007e+01 -2.587650969251990318e+01 2.221233255369588733e+02 -5.190505981399979873e-01 7.352412185454514602e-03 1.543786663386037539e-02 7.465500793064330232e-01 6.651094597105122741e-01
1.696715784070000055e+01 -2.604106302617583424e+01 2.235441405661404133e+02 -5.203323364199974321e-01 7.629984146212290784e-03 1.544073206862661696e-02 7.466552724257222717e-01 6.649881738000938958e-01
1.708077931400000082e+01 -2.622168212325777858e+01 2.251085581514053047e+02 -5.237350463799970157e-01 7.422705580338865433e-03 1.529641713209384246e-02 7.467523129066692134e-01 6.648848819407227051e-01
1.718241405490000062e+01 -2.638524162722751498e+01 2.265318454508669674e+02 -5.221328735299977097e-01 7.670908353440070333e-03 1.568020376857004461e-02 7.467778866535903504e-01 6.648444001268317693e-01
1.728612828250000177e+01 -2.656621295388322324e+01 2.280978217506781220e+02 -5.256958007799994448e-01 8.344422735895418164e-03 1.596260597024568018e-02 7.467222465401085474e-01 6.648920606699533220e-01
1.738876891139999969e+01 -2.672886644129175693e+01 2.295224355775862932e+02 -5.307922363199963911e-01 8.578770500822835779e-03 1.647998806761430401e-02 7.466580130555351413e-01 6.649485891630612100e-01
1.749792742729999873e+01 -2.689224746567197144e+01 2.309509526868350804e+02 -5.335235595699998612e-01 8.829867186062309581e-03 1.731324440546788690e-02 7.465760263236531635e-01 6.650161817071951198e-01
1.759356927869999865e+01 -2.707238712348043919e+01 2.325248078648000956e+02 -5.343704223599985426e-01 8.714964640919451583e-03 1.752055901724292042e-02 7.465793312629488421e-01 6.650085574892996565e-01
1.771774864200000010e+01 -2.723878512845840305e+01 2.339576637167483568e+02 -5.321121215799990978e-01 8.647670553874529237e-03 1.734323835674245196e-02 7.466117963810275926e-01 6.649776352494778386e-01
1.783855772020000074e+01 -2.742158609221223742e+01 2.355356641272082925e+02 -5.298690795799956277e-01 8.853712036420208556e-03 1.665527324055193770e-02 7.465357761285819072e-01 6.650778515456322593e-01
1.797795629499999848e+01 -2.758910134807229042e+01 2.369734442955814302e+02 -5.265274047799977097e-01 8.157173644626923223e-03 1.645106650112027058e-02 7.463826681235109506e-01 6.652636587503760746e-01
1.802336239810000151e+01 -2.775616340222768486e+01 2.384139265683479607e+02 -5.220108032199988202e-01 7.140869096450360928e-03 1.713315213098098866e-02 7.461852723744645255e-01 6.654795281434664478e-01
1.812232875819999833e+01 -2.793838499137200415e+01 2.400022907620295882e+02 -5.221176147399972933e-01 7.088120688077861886e-03 1.735987699394270223e-02 7.460030928532360717e-01 6.656784348837451182e-01
1.821359419819999914e+01 -2.810443067864980549e+01 2.414478223826736212e+02 -5.223922729399959053e-01 7.574144765545781817e-03 1.675740094241839895e-02 7.458507337850955876e-01 6.658592229270079432e-01
1.833599996570000101e+01 -2.828555143077392131e+01 2.430410270495340228e+02 -5.240707397399972933e-01 8.083577082315582946e-03 1.629673605824388805e-02 7.456553040005983179e-01 6.660835081212999054e-01
1.842919778819999976e+01 -2.844926963595207781e+01 2.444917752305045724e+02 -5.273361205999975709e-01 7.586262544132883583e-03 1.606817709806751537e-02 7.455684827029794848e-01 6.661920893446074965e-01
1.853032565119999830e+01 -2.861180072370916605e+01 2.459455452496185899e+02 -5.293884277299980567e-01 7.411472923974104371e-03 1.655764169435425259e-02 7.455397513157155931e-01 6.662142251398722737e-01
1.865871691699999957e+01 -2.879112735972739756e+01 2.475458945687860250e+02 -5.332260131799984038e-01 7.095550474048197345e-03 1.678483284374765461e-02 7.456509464079171812e-01 6.660875232811790392e-01
1.874867653849999982e+01 -2.895542580808978528e+01 2.490022954316809773e+02 -5.346679687500000000e-01 6.883806493132847183e-03 1.678796672974092186e-02 7.457296782868888529e-01 6.660015197455474434e-01
1.887050127979999914e+01 -2.913574114302173257e+01 2.506079980055801570e+02 -5.419769287099995836e-01 6.334948605510783842e-03 1.624806015371560441e-02 7.457309328549109884e-01 6.660189522459182276e-01
1.894163060189999825e+01 -2.930028241244144738e+01 2.520701776412315667e+02 -5.484161376899976403e-01 6.007055166421568226e-03 1.590491539490568318e-02 7.456746934465968701e-01 6.660932370981048622e-01
1.906795358660000161e+01 -2.948118619376327842e+01 2.536804496445693076e+02 -5.570220947199970851e-01 5.815514382336835729e-03 1.571889856000208141e-02 7.457182598746449065e-01 6.660505783422612236e-01
1.915023827550000135e+01 -2.964628488454036415e+01 2.551473806453868747e+02 -5.604553222599975015e-01 6.204840388761622381e-03 1.638802763471514101e-02 7.456993788904043852e-01 6.660520766640239954e-01
1.926429915430000150e+01 -2.981144536274950951e+01 2.566146483458578587e+02 -5.631942748999989590e-01 6.348299838148095155e-03 1.719700131775314667e-02 7.457190428113463776e-01 6.660083118275417213e-01
1.935535049439999966e+01 -2.999207270680926740e+01 2.582298369887284935e+02 -5.664367675699963911e-01 6.946240774394618102e-03 1.863961602356867253e-02 7.456691784165407899e-01 6.660193621909192840e-01
1.949976038930000044e+01 -3.015559418674092740e+01 2.596982915648259223e+02 -5.729522704999965299e-01 7.720997682949005785e-03 1.894587623862542536e-02 7.457521251515576433e-01 6.659093089905455676e-01
1.956467986110000012e+01 -3.033612814906518906e+01 2.613141007395461202e+02 -5.809860229399959053e-01 8.669847789268761082e-03 1.899002816508521541e-02 7.458186154391258649e-01 6.658219021886145894e-01
1.970680212970000156e+01 -3.050324734870810062e+01 2.627847393183037639e+02 -5.800628662099995836e-01 8.636991337742108699e-03 2.026784686320448614e-02 7.456152293554135779e-01 6.660124221945380452e-01
1.978867602349999899e+01 -3.067292915971484035e+01 2.642571400054730475e+02 -5.757217407199988202e-01 8.009473580566618678e-03 2.148131041684253617e-02 7.454614939041243060e-01 6.661543085066470304e-01
1.989055800439999899e+01 -3.085580553638283163e+01 2.658770108642056584e+02 -5.667190551699974321e-01 9.085340893451514938e-03 2.188002029036484331e-02 7.453849035933181044e-01 6.662132292202868067e-01
1.998160457610000051e+01 -3.102214908145833760e+01 2.673490238459780812e+02 -5.631713867099961135e-01 9.922929879913547010e-03 2.169379299780005432e-02 7.452795326583683266e-01 6.663252456634752852e-01
2.009645056720000156e+01 -3.120687169150914997e+01 2.689694525660015643e+02 -5.525894164999982650e-01 9.590788411336658575e-03 2.127994210045314194e-02 7.450597959576356066e-01 6.665891397925839401e-01
2.019905567169999827e+01 -3.137474777479656041e+01 2.704427294638007879e+02 -5.434265136699991672e-01 8.971684476642507317e-03 2.087217286254061666e-02 7.447322616076500479e-01 6.669765511608356512e-01
2.030515885350000005e+01 -3.154187741840723902e+01 2.719169808486476541e+02 -5.322113037099995836e-01 8.566563231298906372e-03 2.012080372211644264e-02 7.444458106255410490e-01 6.673246603371266739e-01
2.040709400180000088e+01 -3.172511889925226569e+01 2.735395255214534700e+02 -5.257034301699974321e-01 8.174812539763418040e-03 1.962145989250241307e-02 7.441229684920610543e-01 6.677044095362778542e-01
2.051279139520000072e+01 -3.189445348689332604e+01 2.750163073712028563e+02 -5.058364868099971545e-01 8.049038393286052709e-03 1.923350150267610914e-02 7.438780592839301375e-01 6.679900585464304541e-01
2.061809158330000002e+01 -3.207558627368416637e+01 2.766405228292569518e+02 -4.938507079999965299e-01 8.162715340648012477e-03 1.889567480294362944e-02 7.435835719926212617e-01 6.683261142696002022e-01
2.072178459170000053e+01 -3.224112732824869454e+01 2.781199962273240089e+02 -4.748992919899990284e-01 8.491019977446433512e-03 1.894120220482364836e-02 7.432853646926618207e-01 6.686523761062059812e-01
2.082357263569999972e+01 -3.240124421590007842e+01 2.796010197824798524e+02 -4.684524536099985426e-01 8.625612583798734564e-03 1.918333077134537490e-02 7.430081368032521727e-01 6.689517974205849704e-01
2.091456151010000042e+01 -3.257555332314223051e+01 2.812322432785294950e+02 -4.599456787099995836e-01 8.430884587452705872e-03 2.000162813480332868e-02 7.427379065306477512e-01 6.692303469355677104e-01
2.103191423419999850e+01 -3.273095993977040052e+01 2.827147485096938908e+02 -4.590988159099964605e-01 8.714052361037439437e-03 2.066985090431527894e-02 7.426085591177196132e-01 6.693499462016461177e-01
2.113627886769999975e+01 -3.290243342169560492e+01 2.843458548095077276e+02 -4.570388793899979873e-01 9.886035548244230878e-03 2.010047021684036039e-02 7.425764840163187053e-01 6.693865869467076068e-01
2.124047231670000002e+01 -3.305866283271461725e+01 2.858291254597716033e+02 -4.529647827099978485e-01 1.111020835057617562e-02 1.961169778474280978e-02 7.426711925931762659e-01 6.692768069137279285e-01
2.134593510630000068e+01 -3.321499317162670195e+01 2.873148320754989982e+02 -4.463882446199960441e-01 1.111169381492305673e-02 1.935619188465032003e-02 7.429481263708817007e-01 6.689767930341715685e-01
2.144886708259999963e+01 -3.338967476179823279e+01 2.889521289705298841e+02 -4.412307739199974321e-01 1.141894978136496694e-02 2.021160949726141798e-02 7.431807290332402838e-01 6.686878961227296081e-01
2.155641627310000175e+01 -3.354796755174174905e+01 2.904429681939072907e+02 -4.394912719699988202e-01 1.162084723652091756e-02 1.997924283627205977e-02 7.435096008613167884e-01 6.683257134004652045e-01
2.166779589649999949e+01 -3.372510313242673874e+01 2.920873237084597349e+02 -4.335250854399959053e-01 1.163092972308718553e-02 1.979028742497002114e-02 7.437122968733176354e-01 6.681055945558518339e-01
2.175980305670000092e+01 -3.388856229220982641e+01 2.935848645572550595e+02 -4.255371093699977791e-01 1.144104301666073152e-02 1.993771854645376429e-02 7.439414343899648507e-01 6.678493333916376562e-01
2.185148954390000142e+01 -3.405314233759418130e+01 2.950862129176966846e+02 -4.162826537999961829e-01 1.148659113873158957e-02 2.018562703429538363e-02 7.442068763263355313e-01 6.675452972749061908e-01
2.197122788429999929e+01 -3.423097282461822033e+01 2.967442728658206761e+02 -4.167251586899993754e-01 1.140422791723885547e-02 2.070664062064420108e-02 7.445638169490240710e-01 6.671325963480715382e-01
2.207687449459999840e+01 -3.439572926238179207e+01 2.982585033355280757e+02 -4.151992797799977097e-01 1.032104090930026363e-02 2.063871605677181087e-02 7.447779442221794666e-01 6.669132877025771844e-01
2.216796374320000140e+01 -3.458074447524268180e+01 2.999258173811249435e+02 -4.142227172799977097e-01 9.913713492198246782e-03 2.061965929976561362e-02 7.445599850636053230e-01 6.671633807226232671e-01
2.226675295829999968e+01 -3.474870987504255027e+01 3.014472678494639695e+02 -4.113159179599961135e-01 9.905070388478544666e-03 2.023876339918040390e-02 7.442532063870177517e-01 6.675173756684648074e-01
2.237422800059999872e+01 -3.491384241532068700e+01 3.029719733363017440e+02 -4.131088256799984038e-01 1.045980431288135067e-02 2.055335875364061593e-02 7.441108515512387944e-01 6.676579906968616029e-01
2.248873257640000034e+01 -3.509427153784781694e+01 3.046545834946446121e+02 -4.103240966699956971e-01 1.141340646216717526e-02 2.091969989071584823e-02 7.440218677169990746e-01 6.677301555780743580e-01
2.259345698359999943e+01 -3.526162276475224644e+01 3.061885133092291653e+02 -4.094848632799994448e-01 1.265791553695558118e-02 2.089703822391142385e-02 7.438945700539765227e-01 6.678502523859198847e-01
2.269698214530000158e+01 -3.545071305648889393e+01 3.078807743801735342e+02 -3.972244262599957665e-01 1.313154194763503819e-02 2.064455897511452420e-02 7.439086245772797978e-01 6.678333048525961768e-01
2.280748414989999873e+01 -3.562136367103084922e+01 3.094219936886802316e+02 -3.895034789999982650e-01 1.330998170810200783e-02 2.015862083034303254e-02 7.445917009140028409e-01 6.670829583516137973e-01
2.290000820159999861e+01 -3.579744216788094491e+01 3.109622200685553253e+02 -3.775405883699960441e-01 1.294493662942327802e-02 1.992935640296333855e-02 7.453202200495204766e-01 6.662829871416192651e-01
2.301113176349999989e+01 -3.600073649547994137e+01 3.126631153551861644e+02 -3.617172241199995142e-01 1.110229411559373117e-02 2.036397078890672674e-02 7.454946542382252517e-01 6.661079253854498283e-01
2.311229300500000150e+01 -3.618144324468448758e+01 3.142159964866004884e+02 -3.518447875899965993e-01 1.028654449665735403e-02 2.188102695141391774e-02 7.453225423142340045e-01 6.662654993169888629e-01
2.321777105330000168e+01 -3.637912670022342354e+01 3.159273292333818972e+02 -3.410873412999961829e-01 1.034823864494125584e-02 2.257423148666504176e-02 7.452347593710363371e-01 6.663396066983620081e-01
2.330867886540000100e+01 -3.655619709996972233e+01 3.174836339931935072e+02 -3.390808105399969463e-01 1.128152189181749233e-02 2.266413980846215814e-02 7.451233520378182096e-01 6.664459875177226600e-01
2.342734551430000067e+01 -3.675147719297092408e+01 3.191969369938597083e+02 -3.328094482399990284e-01 1.151411699527086357e-02 2.297003713959777649e-02 7.449949145250209792e-01 6.665751119232404820e-01
2.358632659910000129e+01 -3.692718721379060298e+01 3.207540850783698261e+02 -3.288040161099985426e-01 1.132457812642689854e-02 2.305852678507880338e-02 7.449332818694609504e-01 6.666441808310892281e-01
2.364049673079999891e+01 -3.710406793828587979e+01 3.223101312494836748e+02 -3.200302123999989590e-01 1.144653662123756681e-02 2.306297160182768646e-02 7.447734614546184240e-01 6.668204910267663266e-01
2.374202108380000098e+01 -3.729709974303841591e+01 3.240204862705431879e+02 -3.147583007799994448e-01 1.117830991153184565e-02 2.228780676185693199e-02 7.446218820533989646e-01 6.670206532218636575e-01
2.384138727190000040e+01 -3.747323237115051597e+01 3.255766466939821839e+02 -3.043289184499968769e-01 1.119448689293261849e-02 2.174272063195703542e-02 7.444167429686724402e-01 6.672673005255382872e-01
2.395677614210000073e+01 -3.766125550004653633e+01 3.272867668247781694e+02 -2.979049682599992366e-01 1.088124095277309862e-02 2.280157056626919143e-02 7.441170330543825928e-01 6.675713655433270777e-01
2.404944348340000104e+01 -3.782994998386129737e+01 3.288406542153097689e+02 -2.929229736299987508e-01 1.077492596506812034e-02 2.347331087241333325e-02 7.440655190990098644e-01 6.676072257960176115e-01
2.416215586659999914e+01 -3.799852160876616836e+01 3.303910765666514635e+02 -2.971496581999986120e-01 1.173589952416266916e-02 2.345311940683447727e-02 7.441460809036672952e-01 6.675019326774719319e-01
2.425686264040000140e+01 -3.818647486355621368e+01 3.320906325504183769e+02 -2.884826660099975015e-01 1.141131771727550356e-02 2.314666035852441794e-02 7.441556388718191251e-01 6.675076022619348404e-01
2.436179447170000145e+01 -3.835762746911495924e+01 3.336330722812563181e+02 -2.862548828099988896e-01 1.111126526556800893e-02 2.186406660266837498e-02 7.442160782443911771e-01 6.674885251885089854e-01
2.446903991699999992e+01 -3.854482346854638308e+01 3.353267271914519370e+02 -2.819290161099985426e-01 1.230228329951358127e-02 1.994549630884845381e-02 7.444812830448254148e-01 6.672319313391278373e-01
2.457002210619999971e+01 -3.871518485213164240e+01 3.368659516051411629e+02 -2.743759155199967381e-01 1.139623378310139837e-02 1.974637175238191933e-02 7.447842334126668629e-01 6.669157760302899529e-01
2.467318820950000102e+01 -3.888708355417475104e+01 3.384036355814896524e+02 -2.639160156199977791e-01 1.000229796761854459e-02 2.066256602589833236e-02 7.450772221952490781e-01 6.665830371127093867e-01
2.477739739420000120e+01 -3.907549063127953559e+01 3.400950122112408280e+02 -2.629089355399969463e-01 8.365989296782469151e-03 2.130825183455953287e-02 7.454745926570188752e-01 6.661408261994550273e-01
2.487653827669999984e+01 -3.924762717715930194e+01 3.416289549558423460e+02 -2.694702148399983344e-01 8.662489727039989623e-03 2.072974559225393421e-02 7.458613413425871919e-01 6.657222381819956070e-01
2.499468350409999928e+01 -3.943765511631499976e+01 3.433115289919078350e+02 -2.803726196199960441e-01 9.665761389242015500e-03 2.032536741939550140e-02 7.464889186534569010e-01 6.650171026549817066e-01
2.509045696260000113e+01 -3.961135950230527669e+01 3.448407895709387958e+02 -2.854003906199977791e-01 9.443095414248798766e-03 2.118479850478949267e-02 7.470850067241563419e-01 6.643237350789719109e-01
2.518160748480000066e+01 -3.978894814592786133e+01 3.463674375200644135e+02 -2.852554321199960441e-01 9.653429442593362830e-03 2.208624520121937884e-02 7.473906218738336493e-01 6.639474884416326494e-01
2.529826927190000063e+01 -3.998620134557131678e+01 3.480450464962050319e+02 -2.891845703099988896e-01 1.013464624217327165e-02 2.186366660728966682e-02 7.475348978493147056e-01 6.637852405149166080e-01
2.540202808380000121e+01 -4.017174030549358577e+01 3.495677139610052109e+02 -2.858963012599957665e-01 1.068197081473471269e-02 2.181160308784368951e-02 7.475946665856390005e-01 6.637110545734177247e-01
2.550563883779999941e+01 -4.037473534478340298e+01 3.512421975210309029e+02 -2.844924926699974321e-01 1.069088019515278265e-02 2.186040690492230265e-02 7.476001869672528333e-01 6.637030873343384707e-01
2.561092114450000068e+01 -4.056127807451412082e+01 3.527626267522573471e+02 -2.785720825099957665e-01 1.091105841835435068e-02 2.198196952227526868e-02 7.475834278310460324e-01 6.637143664653468722e-01
2.572169780729999999e+01 -4.074607674719300121e+01 3.542821034407243133e+02 -2.719345092699967381e-01 1.133989766615709459e-02 2.202981660472103087e-02 7.475819760262901736e-01 6.637072268869091962e-01
2.582201647759999830e+01 -4.094977712945546955e+01 3.559521277910098433e+02 -2.645797729399959053e-01 1.166234494717550627e-02 2.187763504540596315e-02 7.476206360436890019e-01 6.636631249035787050e-01
2.591394734380000031e+01 -4.113545028306543827e+01 3.574690211326815188e+02 -2.587585449199991672e-01 1.168696950245037142e-02 2.218812722157703643e-02 7.475913883230359547e-01 6.636853304537350118e-01
2.602649521829999912e+01 -4.134047059714794159e+01 3.591375586763024330e+02 -2.540283203099988896e-01 1.195388029147301592e-02 2.168711006359269611e-02 7.475683902984986418e-01 6.637230415087145285e-01
2.612995219229999933e+01 -4.152522605669219047e+01 3.606555375438183546e+02 -2.485275268499975709e-01 1.288496849268535790e-02 2.183761761367830623e-02 7.475236538432107336e-01 6.637510700471955793e-01
2.623712110519999996e+01 -4.170967160165309906e+01 3.621753925764933228e+02 -2.397918701099968075e-01 1.277543162335836348e-02 2.279521878665946577e-02 7.474675713659866272e-01 6.637841487287403641e-01
2.633830761910000007e+01 -4.191669650701805949e+01 3.638500614133663476e+02 -2.293243408199998612e-01 1.291112195970140104e-02 2.384628188528314929e-02 7.474890173282465744e-01 6.637204432166013968e-01
2.644231033330000002e+01 -4.210283126262947917e+01 3.653731832024641335e+02 -2.273712158199998612e-01 1.335109542324605485e-02 2.383903235119821939e-02 7.474663209092462512e-01 6.637375595022124708e-01
2.654653501510000169e+01 -4.231469770567491651e+01 3.670506860557943583e+02 -2.185211181599981956e-01 1.327418110577380066e-02 2.310356373717037393e-02 7.473503073313053635e-01 6.638957294563780920e-01
2.665545868870000135e+01 -4.250512230675667524e+01 3.685757607319392264e+02 -2.124938964799980567e-01 1.216518969436119167e-02 2.278306141012076402e-02 7.472260466541000845e-01 6.640678997468314471e-01
2.675679612160000076e+01 -4.271747956681065261e+01 3.702530952258966863e+02 -2.008285522399972933e-01 1.159936992578452890e-02 2.237511048074691811e-02 7.470747500750486436e-01 6.642620919852366690e-01
2.685971879959999953e+01 -4.290687894111033529e+01 3.717802409087307751e+02 -1.953506469699988202e-01 1.154806660827076281e-02 2.215135495841613622e-02 7.469615468737539343e-01 6.643977777830732956e-01
2.696566033359999892e+01 -4.309663135523442179e+01 3.733082598159089684e+02 -1.887207031199977791e-01 1.191055516445611688e-02 2.195317543338637378e-02 7.468806784770166685e-01 6.644888628726423052e-01
2.707021903989999956e+01 -4.330126982298679650e+01 3.749929860760457814e+02 -1.863784789999982650e-01 1.194416920331755824e-02 2.180268328966661340e-02 7.467841297555090074e-01 6.646017178496611555e-01
2.716125750539999828e+01 -4.348480651236604899e+01 3.765276348395273089e+02 -1.835327148399983344e-01 1.184370537860230180e-02 2.165133995646995047e-02 7.467173992648231673e-01 6.646834372512775424e-01
2.727584528919999940e+01 -4.368670688907150179e+01 3.782181669007986784e+02 -1.816940307599992366e-01 1.137837229804079461e-02 2.124560071261949457e-02 7.466248986219170547e-01 6.648085572945183763e-01
2.736680769919999889e+01 -4.387162523891311139e+01 3.797566911866888404e+02 -1.768951415999993060e-01 1.070384355672441591e-02 2.101325093350425721e-02 7.465393628177990903e-01 6.649231916408938625e-01
2.749353504180000130e+01 -4.405573021667078137e+01 3.812971236002631485e+02 -1.733703613199963911e-01 1.055006360215417043e-02 2.040095853940493420e-02 7.464674622152247530e-01 6.650254317713165664e-01
2.759208369259999927e+01 -4.425827754277270287e+01 3.829934745188802481e+02 -1.695022582999996530e-01 1.047001158485582305e-02 1.985754873627842976e-02 7.463822342950396926e-01 6.651387952482882282e-01
2.770782613749999967e+01 -4.444188339798711240e+01 3.845370491556823254e+02 -1.639709472599975015e-01 1.020378933132779983e-02 1.961849494854761566e-02 7.462867035144865602e-01 6.652572085266850177e-01
2.779968595500000106e+01 -4.464174435578752309e+01 3.862355247423984110e+02 -1.606750488199963911e-01 9.404733400594639248e-03 1.945026581852860037e-02 7.462151412617052948e-01 6.653541922172169221e-01
2.797275805470000165e+01 -4.482291213062126189e+01 3.877825077911838889e+02 -1.597900390599988896e-01 8.781562816976194730e-03 1.927721437183094189e-02 7.461054743183143101e-01 6.654907169546371293e-01
2.803368234630000089e+01 -4.500381809414830059e+01 3.893313946332782507e+02 -1.617736816399997224e-01 8.809395002912608769e-03 1.880460503971181918e-02 7.459863525180505661e-01 6.656373962194409577e-01
2.812957477570000009e+01 -4.520001732604578137e+01 3.910398854734376073e+02 -1.584396362299997918e-01 8.738974416733517533e-03 1.885171098129279077e-02 7.458988496094580700e-01 6.657350444963130442e-01
2.821342825889999872e+01 -4.537929109309334308e+01 3.925955294617451727e+02 -1.515502929599961135e-01 8.480469371185376734e-03 1.925407827435987596e-02 7.458678199999659864e-01 6.657616369223652297e-01
2.831657981869999929e+01 -4.557629704871214926e+01 3.943055145470425487e+02 -1.450424194299984038e-01 8.988328689384570552e-03 1.900096677124085698e-02 7.457905734690709609e-01 6.658487769259652245e-01
2.843613600730000002e+01 -4.575517877389211208e+01 3.958622513511218131e+02 -1.422042846599964605e-01 9.418779058993353992e-03 1.872058661945263935e-02 7.456848559189537262e-01 6.659691598646217958e-01
2.853035116199999877e+01 -4.595092520548496395e+01 3.975766422254964709e+02 -1.367111205999975709e-01 9.519536982914335310e-03 1.898019415433149781e-02 7.456392363569941395e-01 6.660114562456518339e-01
2.863150620460000084e+01 -4.612868193618487567e+01 3.991366642299108207e+02 -1.314239501899976403e-01 9.250112630569800806e-03 1.960942571444257432e-02 7.455664349702842975e-01 6.660785215612142762e-01
2.873484253879999883e+01 -4.630679772049188614e+01 4.006952396291308105e+02 -1.200790405199967381e-01 9.041116570229152175e-03 2.074371232137639520e-02 7.454818494069598289e-01 6.661417032546985695e-01
2.883621406560000011e+01 -4.650091179553419352e+01 4.024084501480683684e+02 -1.177673339799980567e-01 9.900081911864909781e-03 2.121966475499792448e-02 7.453808149872553912e-01 6.662275548600181674e-01
2.894211220740000101e+01 -4.667868469178210944e+01 4.039642191235907376e+02 -1.114883422799977097e-01 1.083702562934599212e-02 2.142457247728846159e-02 7.452985100430072896e-01 6.662984897906855108e-01
