2.913494110109999813e-01 0.000000000000000000e+00 0.000000000000000000e+00 0.000000000000000000e+00 0.000000000000000000e+00 0.000000000000000000e+00 0.000000000000000000e+00 1.000000000000000000e+00
4.110207557680000123e-01 1.144768476486206055e+00 -5.538495779037475586e-01 -2.134458394721150398e-03 9.699959492126921864e-03 4.083512296045532786e-03 -2.178970346833821181e-01 9.759150157618070587e-01
5.936567783359999462e-01 1.588935017585754395e+00 -7.627978324890136719e-01 -7.581953890621662140e-03 9.676182617830505692e-03 4.078567694413171019e-03 -2.186940078994284997e-01 9.757369869408423213e-01
7.299239635469999543e-01 2.526530742645263672e+00 -1.195964336395263672e+00 -2.071344852447509766e-02 1.074646456903885841e-02 4.534063630997731131e-03 -2.203358213904154927e-01 9.753543364226496815e-01
8.624792099000000434e-01 2.991711139678955078e+00 -1.415364265441894531e+00 -2.581298351287841797e-02 1.115691329190734299e-02 5.339016637089577522e-03 -2.211490956107981798e-01 9.751615741494696898e-01
9.509050846100000065e-01 3.453511953353881836e+00 -1.638336300849914551e+00 -2.983046509325504303e-02 1.112473282511232571e-02 5.897989341018927689e-03 -2.214595474387803797e-01 9.750882641533089590e-01
1.091456413269999981e+00 3.923323631286621094e+00 -1.861324548721313477e+00 -3.553616255521774292e-02 1.086062361121814708e-02 5.960315394169635184e-03 -2.218242255124372453e-01 9.750079663628319349e-01
1.278333425520000066e+00 4.864525794982910156e+00 -2.315944671630859375e+00 -3.751169890165328979e-02 1.010644561955456947e-02 5.909696849769607851e-03 -2.225966322893669080e-01 9.748403328409814828e-01
1.438869714740000028e+00 5.827273845672607422e+00 -2.777601480484008789e+00 -4.711211472749710083e-02 9.252278899912529109e-03 5.462595120474644794e-03 -2.233932510416493378e-01 9.746691801728163407e-01
1.577007532120000111e+00 6.315116882324218750e+00 -3.013241052627563477e+00 -5.272888392210006714e-02 9.017657475353556967e-03 5.475742150551576870e-03 -2.238098234468491043e-01 9.745757338607647924e-01
1.684993267060000077e+00 6.815749645233154297e+00 -3.253262281417846680e+00 -5.713927000761032104e-02 8.898631942071183812e-03 5.240552107338647403e-03 -2.241136680833181738e-01 9.745082938289493235e-01
1.788869857789999962e+00 7.321585655212402344e+00 -3.494997024536132812e+00 -6.107854843139648438e-02 8.223045695658827425e-03 5.208643324609574243e-03 -2.247641704305173294e-01 9.743645720390727849e-01
1.892141103739999997e+00 7.820920944213867188e+00 -3.738384723663330078e+00 -6.455123424530029297e-02 7.359437421490419746e-03 5.362761115213832142e-03 -2.262870167866789239e-01 9.740181032752142087e-01
2.001982450489999898e+00 8.330631256103515625e+00 -3.990813493728637695e+00 -7.134199142456054688e-02 7.424992319692473065e-03 5.334302572726157265e-03 -2.280697636047284982e-01 9.736018681341972458e-01
2.112098932269999896e+00 8.864986419677734375e+00 -4.251702308654785156e+00 -7.416187226772308350e-02 6.782632005984437149e-03 5.248237734179039826e-03 -2.300152653636522715e-01 9.731492329563053989e-01
2.211464881900000012e+00 9.371354103088378906e+00 -4.521510601043701172e+00 -7.653127610683441162e-02 6.754052350395651702e-03 5.042150867063610598e-03 -2.324986870899161395e-01 9.725601883651967539e-01
2.320692300800000218e+00 9.918899536132812500e+00 -4.793533802032470703e+00 -8.426761627197265625e-02 6.510588403397308058e-03 5.181712234805790906e-03 -2.354405476376269513e-01 9.718531322298916697e-01
2.521991968150000041e+00 1.099885082244873047e+01 -5.360466003417968750e+00 -8.926977217197418213e-02 6.491957104796780217e-03 5.234469563511590096e-03 -2.414204092846860827e-01 9.703847900715224517e-01
2.613463878630000181e+00 1.153745937347412109e+01 -5.652412891387939453e+00 -8.943926542997360229e-02 7.060827044891184942e-03 4.694415858384815010e-03 -2.445989500182709775e-01 9.695872631337263403e-01
2.721468687059999780e+00 1.210144805908203125e+01 -5.970829486846923828e+00 -9.530057013034820557e-02 7.619789410205086121e-03 4.364989195242086062e-03 -2.474253024485369434e-01 9.688671763389034020e-01
2.815651893620000124e+00 1.265598011016845703e+01 -6.293218612670898438e+00 -1.069831997156143188e-01 6.129524520363683476e-03 3.706620551206074587e-03 -2.503701397753987923e-01 9.681236919950321207e-01
2.944317340850000075e+00 1.323219299316406250e+01 -6.618669509887695312e+00 -1.128996461629867554e-01 4.000883221516950833e-03 2.697141887206599975e-03 -2.534894149333770663e-01 9.673261264309067631e-01
3.027938127520000133e+00 1.382442855834960938e+01 -6.953857898712158203e+00 -1.141014099121093750e-01 5.456837464883957690e-03 2.316088790903614303e-03 -2.562911855922480608e-01 9.665814434621197160e-01
3.138200759890000135e+00 1.443555450439453125e+01 -7.303404331207275391e+00 -1.248209625482559204e-01 9.248199992858250826e-03 2.669153062804463516e-03 -2.586006837063500874e-01 9.659363502868226758e-01
3.249309301379999848e+00 1.505047416687011719e+01 -7.653751850128173828e+00 -1.348997354507446289e-01 1.219360691624549360e-02 3.631211563902558837e-03 -2.611125921657593829e-01 9.652245046958910502e-01
3.449814081189999992e+00 1.631262397766113281e+01 -8.407214164733886719e+00 -1.495274454355239868e-01 1.284387195828383052e-02 5.412348316496840006e-03 -2.640463714107548210e-01 9.644092778398770660e-01
3.650218486790000050e+00 1.697154808044433594e+01 -8.780220985412597656e+00 -1.621116697788238525e-01 1.457776548292586544e-02 3.956119391867574109e-03 -2.643230483357881244e-01 9.643159046657682199e-01
3.803269147870000033e+00 1.829926872253417969e+01 -9.558267593383789062e+00 -1.812254190444946289e-01 1.898499116752294311e-02 1.539598776772566069e-03 -2.608475889430780792e-01 9.651920716046928916e-01
4.020537853239999571e+00 1.971937179565429688e+01 -1.033706474304199219e+01 -2.035155296325683594e-01 1.934898609970115910e-02 2.419299616365222505e-03 -2.527882270979592838e-01 9.673251138924029435e-01
4.189483165739999571e+00 2.116710662841796875e+01 -1.110007667541503906e+01 -2.275621891021728516e-01 1.909067212075142919e-02 5.145131495690402623e-03 -2.437137209619965605e-01 9.696456549042689055e-01
4.372456789020000123e+00 2.265540504455566406e+01 -1.186456871032714844e+01 -2.535571455955505371e-01 1.868416041039526812e-02 6.899833052020354351e-03 -2.364820589936719730e-01 9.714316909735482009e-01
4.547427415849999655e+00 2.341213989257812500e+01 -1.224300193786621094e+01 -2.639034092426300049e-01 1.814400018659906300e-02 7.354713871281726156e-03 -2.337570784020737980e-01 9.720979023421597587e-01
4.707852840420000184e+00 2.496562767028808594e+01 -1.299227714538574219e+01 -2.857704758644104004e-01 1.785322254387927687e-02 7.369990293167427708e-03 -2.287886929188706342e-01 9.732844803449565152e-01
4.912423610690000331e+00 2.647796630859375000e+01 -1.371850490570068359e+01 -3.061296939849853516e-01 1.720918165676612460e-02 7.769847724902634312e-03 -2.242941798095569039e-01 9.743385420050849621e-01
5.086751461030000421e+00 2.800155448913574219e+01 -1.443169021606445312e+01 -3.254086673259735107e-01 1.551038117059114728e-02 9.060020582780659026e-03 -2.212827808603996249e-01 9.750442425847510863e-01
5.229650020600000282e+00 2.874506568908691406e+01 -1.478341293334960938e+01 -3.384993672370910645e-01 1.504764619859868570e-02 9.104568211180774640e-03 -2.204934691063393792e-01 9.752298730366193436e-01
5.375915288929999925e+00 2.950172805786132812e+01 -1.512956523895263672e+01 -3.476296067237854004e-01 1.464255384009901205e-02 9.018195384450589103e-03 -2.200999608978351785e-01 9.753257276324759362e-01
5.526722669599999804e+00 3.098972892761230469e+01 -1.581893444061279297e+01 -3.672049641609191895e-01 1.235240983800390061e-02 8.777041975505883720e-03 -2.194039223758263435e-01 9.755164275149121877e-01
5.681234836579999836e+00 3.172629928588867188e+01 -1.615280532836914062e+01 -3.768686056137084961e-01 1.160238579939848816e-02 9.224352970878202385e-03 -2.192102744947443116e-01 9.755650421740051925e-01
5.842237472529999920e+00 3.312939834594726562e+01 -1.681549072265625000e+01 -3.905518651008605957e-01 1.019791046482159888e-02 9.930888500340184777e-03 -2.185316011761785082e-01 9.757260472915135763e-01
5.942993640900000152e+00 3.382340621948242188e+01 -1.713741874694824219e+01 -4.024925529956817627e-01 9.506373907261785050e-03 1.000775757314820158e-02 -2.182008794999197587e-01 9.758062562973007781e-01
6.055322170260000192e+00 3.450383377075195312e+01 -1.745257568359375000e+01 -4.089249372482299805e-01 8.474304889188575413e-03 1.052494519815461160e-02 -2.182070727825318746e-01 9.758089388158420752e-01
6.156812667849999698e+00 3.516637039184570312e+01 -1.776149559020996094e+01 -4.159428477287292480e-01 7.076470925519180027e-03 1.086016652856325315e-02 -2.184185741860681651e-01 9.757690847699249659e-01
6.268347263339999920e+00 3.582206344604492188e+01 -1.806846237182617188e+01 -4.227838218212127686e-01 5.351464257583590095e-03 1.132491674315105890e-02 -2.191254303429750194e-01 9.756162943842556778e-01
6.370007514950000171e+00 3.707221221923828125e+01 -1.866698074340820312e+01 -4.325693249702453613e-01 3.413078720351212219e-03 1.073856520604876685e-02 -2.224303081806811022e-01 9.748834761722098285e-01
6.573400497439999768e+00 3.768484497070312500e+01 -1.896883583068847656e+01 -4.397006928920745850e-01 3.804309834375982011e-03 1.088759920400184100e-02 -2.248401139349637534e-01 9.743274144639314516e-01
6.707525730130000419e+00 3.830175399780273438e+01 -1.926221466064453125e+01 -4.536077082157135010e-01 3.189982874768836855e-03 1.119331424694347543e-02 -2.276283448661952646e-01 9.736785251503208283e-01
6.883787631989999767e+00 3.946936035156250000e+01 -1.984960556030273438e+01 -4.653238058090209961e-01 3.190867635129701878e-03 1.188820649959732023e-02 -2.343583337540432743e-01 9.720723534336253024e-01
6.993997812269999947e+00 4.002434921264648438e+01 -2.014367485046386719e+01 -4.741543829441070557e-01 2.981918147707431424e-03 1.193704005348950048e-02 -2.385796504046986122e-01 9.710449864201418091e-01
7.101431131360000037e+00 4.056285858154296875e+01 -2.044141387939453125e+01 -4.817942380905151367e-01 2.575118034694040114e-03 1.197075743510067625e-02 -2.434914945359086813e-01 9.698257378633581283e-01
7.201493024830000422e+00 4.110369110107421875e+01 -2.073611068725585938e+01 -4.899866580963134766e-01 2.671545685406946907e-03 1.203208254867915716e-02 -2.494581897654316593e-01 9.683071327797533323e-01
7.344241380689999765e+00 4.160346603393554688e+01 -2.103870010375976562e+01 -4.938310980796813965e-01 3.473009231031329910e-03 1.205770492707369801e-02 -2.553852260903937688e-01 9.667579512233300809e-01
7.501996755599999567e+00 4.260990142822265625e+01 -2.165141677856445312e+01 -5.087884664535522461e-01 3.504219339943573548e-03 1.201420589872470579e-02 -2.689719649648014133e-01 9.630666962191218872e-01
7.605081558230000205e+00 4.308313369750976562e+01 -2.195919036865234375e+01 -5.151285529136657715e-01 3.340369103955775562e-03 1.238916258979216867e-02 -2.770156727317714118e-01 9.607797185856585820e-01
7.721733570099999611e+00 4.353988647460937500e+01 -2.227248191833496094e+01 -5.250253081321716309e-01 1.974856965398738475e-03 1.263246299714315679e-02 -2.854719454848607119e-01 9.583017735346633925e-01
7.820404767990000394e+00 4.398840332031250000e+01 -2.259473419189453125e+01 -5.334615707397460938e-01 2.484915832907704913e-03 1.224069412182537953e-02 -2.954993001431408528e-01 9.552613015377695582e-01
7.922307729719999969e+00 4.440371704101562500e+01 -2.292067527770996094e+01 -5.373125672340393066e-01 5.526072090725147158e-04 1.257023159556147629e-02 -3.066627024095249787e-01 9.517350843873486621e-01
8.016845703119999555e+00 4.481980514526367188e+01 -2.326036262512207031e+01 -5.404279232025146484e-01 7.370133960518510498e-04 1.157951928142486597e-02 -3.188646693267486731e-01 9.477292304237576737e-01
8.140384674070000770e+00 4.520849990844726562e+01 -2.360185813903808594e+01 -5.449722409248352051e-01 6.399435439507601079e-04 1.026392287488253618e-02 -3.317237476993702971e-01 9.433205168826571674e-01
8.234055519099999998e+00 4.558077239990234375e+01 -2.394802284240722656e+01 -5.492697954177856445e-01 7.441567527092769014e-04 9.080494428359120462e-03 -3.454132739684833142e-01 9.384064476643567687e-01
8.346139669419999407e+00 4.592195510864257812e+01 -2.428408622741699219e+01 -5.481861829757690430e-01 1.725878914133074709e-03 8.451385705441349927e-03 -3.599066673188420218e-01 9.329484370752093580e-01
8.452910661700000716e+00 4.625533294677734375e+01 -2.465073204040527344e+01 -5.460284352302551270e-01 5.495445783729039409e-04 8.086547412154532211e-03 -3.748426500582874299e-01 9.270530154467909734e-01
8.557503223419999472e+00 4.656347274780273438e+01 -2.500276947021484375e+01 -5.543123483657836914e-01 -1.879520212130772667e-04 8.579484818046156924e-03 -3.903872117607933845e-01 9.206107657462667682e-01
8.656784534450000734e+00 4.683522033691406250e+01 -2.533976936340332031e+01 -5.523735284805297852e-01 -5.796782607475309230e-05 9.578722270452977305e-03 -4.063470788536810985e-01 9.136685921199643179e-01
8.817611455919999841e+00 4.710295486450195312e+01 -2.569933700561523438e+01 -5.537846684455871582e-01 -7.369703116579116224e-05 1.016399876751061804e-02 -4.232155640383973294e-01 9.059720051157555964e-01
8.971910953520000120e+00 4.755886459350585938e+01 -2.640413284301757812e+01 -5.545068979263305664e-01 -7.081135934185315596e-04 1.003951564784577588e-02 -4.586981464282990362e-01 8.885351524638392950e-01
9.078454256060000560e+00 4.776432037353515625e+01 -2.676181602478027344e+01 -5.556384325027465820e-01 -5.229585034451408442e-04 9.184370516754802871e-03 -4.772406553759845904e-01 8.787244907870244148e-01
9.178782224660000821e+00 4.793954086303710938e+01 -2.712364768981933594e+01 -5.600772500038146973e-01 -5.392670086371369707e-04 8.239569651323108701e-03 -4.958049477629584700e-01 8.683946524805553624e-01
9.280779838560000883e+00 4.810022354125976562e+01 -2.747949600219726562e+01 -5.575184226036071777e-01 7.544921397011271303e-04 7.548226625504694809e-03 -5.147731739241493409e-01 8.572928521949073621e-01
9.389781951899999868e+00 4.824404144287109375e+01 -2.785488891601562500e+01 -5.628326535224914551e-01 2.091397565361846362e-03 7.865190013731093721e-03 -5.340481649585512303e-01 8.454148817868514243e-01
9.484005212779999638e+00 4.836677169799804688e+01 -2.823137092590332031e+01 -5.624390244483947754e-01 3.888037753209843891e-03 9.146644725616437377e-03 -5.531446626684837220e-01 8.330259324979399915e-01
9.589317798610000665e+00 4.846577453613281250e+01 -2.859921646118164062e+01 -5.699918866157531738e-01 5.036642981167402562e-03 1.036158678596577065e-02 -5.723285130961592859e-01 8.199434997875747477e-01
9.693322658539999637e+00 4.852909088134765625e+01 -2.896181869506835938e+01 -5.710241198539733887e-01 5.290184732762485097e-03 1.273312935377624022e-02 -5.917403111235807200e-01 8.060107229768852521e-01
9.805656194690000049e+00 4.857643890380859375e+01 -2.932520103454589844e+01 -5.658099651336669922e-01 6.294381662847908440e-03 1.436818972378750559e-02 -6.112952939021379928e-01 7.912471166055788929e-01
9.899122715000000738e+00 4.861962127685546875e+01 -2.969975662231445312e+01 -5.671721696853637695e-01 7.435058041134074043e-03 1.479189797425528585e-02 -6.308697691903846216e-01 7.757120947799609478e-01
1.000662565230000034e+01 4.862894058227539062e+01 -3.007696533203125000e+01 -5.712935328483581543e-01 8.226452152145161470e-03 1.395079881235117281e-02 -6.504154102454939856e-01 7.594060144696455072e-01
1.010563039780000061e+01 4.862030792236328125e+01 -3.046681976318359375e+01 -5.773726105690002441e-01 7.474627180797132654e-03 1.274192019046194169e-02 -6.699556815320253378e-01 7.422541062205899598e-01
1.022402167319999933e+01 4.859294128417968750e+01 -3.086563110351562500e+01 -5.787162184715270996e-01 5.664845274612152412e-03 1.292257429521936896e-02 -6.893926177180885739e-01 7.242504644371310363e-01
1.033168244360000010e+01 4.854481506347656250e+01 -3.125760269165039062e+01 -5.938349366188049316e-01 3.360458960539521381e-03 1.331704509612940956e-02 -7.086072689682298975e-01 7.054694196000766970e-01
1.050686717029999961e+01 4.839004516601562500e+01 -3.207963180541992188e+01 -5.982823967933654785e-01 -3.077462310671140824e-04 1.571421920252569215e-02 -7.451153685367063462e-01 6.667503702117612008e-01
1.063743638989999951e+01 4.827591323852539062e+01 -3.249266052246093750e+01 -6.051153540611267090e-01 -5.834470546956160505e-04 1.512075536521251262e-02 -7.615491272056988947e-01 6.479305126315304530e-01
1.073281884190000035e+01 4.814480972290039062e+01 -3.291941452026367188e+01 -6.114970445632934570e-01 -5.364848854025625145e-04 1.485069452638132503e-02 -7.763405057801326947e-01 6.301385467824510700e-01
1.084520173069999949e+01 4.799221801757812500e+01 -3.336690521240234375e+01 -6.173903346061706543e-01 -1.705822793827972662e-04 1.549833361188091008e-02 -7.894682003658680669e-01 6.135957408326904172e-01
1.095028471950000082e+01 4.762938690185546875e+01 -3.428792190551757812e+01 -6.285184621810913086e-01 4.558499845116686737e-04 1.703276014863575050e-02 -8.119842323443371424e-01 5.834306160176102596e-01
1.115519523620000086e+01 4.741360092163085938e+01 -3.477563858032226562e+01 -6.393135786056518555e-01 7.021635334100303442e-04 1.706778587887891607e-02 -8.213834582581481802e-01 5.701205242327715972e-01
1.130277228359999953e+01 4.718150711059570312e+01 -3.527163314819335938e+01 -6.497021913528442383e-01 6.244448005624876532e-04 1.710515293200387532e-02 -8.296391511144118880e-01 5.580375460038704549e-01
1.147361636159999954e+01 4.669953155517578125e+01 -3.628852462768554688e+01 -6.580286622047424316e-01 -3.181781673347117059e-03 1.811588616555148690e-02 -8.429837203311412175e-01 5.376245327275237518e-01
1.157593941690000072e+01 4.641637420654296875e+01 -3.682802581787109375e+01 -6.710204482078552246e-01 -3.977271523880976031e-03 1.822388403175967397e-02 -8.481870387299044189e-01 5.293683204467541925e-01
1.167475032810000002e+01 4.610511016845703125e+01 -3.738875961303710938e+01 -6.779729127883911133e-01 -3.434085366341240678e-03 1.663764682984403276e-02 -8.526744455940530321e-01 5.221663390113691072e-01
1.177178740499999954e+01 4.576641845703125000e+01 -3.798154830932617188e+01 -6.919008493423461914e-01 -3.110951920519810805e-03 1.598781096703494331e-02 -8.567592944009849720e-01 5.154592353776937808e-01
1.193638992310000013e+01 4.543944549560546875e+01 -3.855683898925781250e+01 -6.953608989715576172e-01 -2.905958702334528795e-03 1.636326376331465049e-02 -8.606840901855234982e-01 5.088680535311200792e-01
1.209310626979999981e+01 4.470941543579101562e+01 -3.978192520141601562e+01 -7.091512680053710938e-01 -3.823625067916225362e-03 1.505789293732973100e-02 -8.674767571276409406e-01 4.972350707612450682e-01
1.218995261190000079e+01 4.433837127685546875e+01 -4.040073394775390625e+01 -7.192628979682922363e-01 -3.174881824464115092e-03 1.166402850301773153e-02 -8.699164369029850352e-01 4.930509744139000561e-01
1.232230067250000083e+01 4.395639801025390625e+01 -4.104256820678710938e+01 -7.224864363670349121e-01 -2.050855997367480570e-03 7.514577625834739649e-03 -8.714654008096294202e-01 4.903951267136479331e-01
1.250694966320000034e+01 4.316350936889648438e+01 -4.235411071777343750e+01 -7.354003787040710449e-01 6.062183533597955413e-05 5.938733888790403981e-03 -8.720170067776262801e-01 4.894395444336103185e-01
1.259888267520000049e+01 4.275430297851562500e+01 -4.305518722534179688e+01 -7.292026877403259277e-01 1.770243396161805738e-03 4.354964347991541196e-03 -8.713708929527342884e-01 4.906023516439775300e-01
1.271547794339999982e+01 4.234708023071289062e+01 -4.374800872802734375e+01 -7.343318462371826172e-01 2.724681226958017548e-03 3.884388119793968919e-03 -8.702950986280727497e-01 4.925077958216499407e-01
1.281635403629999992e+01 4.192140197753906250e+01 -4.455401229858398438e+01 -7.345616817474365234e-01 2.207196550817182041e-03 4.054849148397376979e-03 -8.690867216427063946e-01 4.946382079319210368e-01
1.295976948739999912e+01 4.074107742309570312e+01 -4.638716125488281250e+01 -7.945830821990966797e-01 1.485622823945154753e-03 3.577195639832164709e-03 -8.677494802982680389e-01 4.969867564012798167e-01
1.312602019310000045e+01 3.929893875122070312e+01 -4.888229370117187500e+01 -8.323839306831359863e-01 5.143136115548411526e-03 6.802511929973054094e-04 -8.658676299070949822e-01 5.002462722382663429e-01
1.322461819649999981e+01 3.854747009277343750e+01 -5.013025665283203125e+01 -8.555011749267578125e-01 7.111799172069005991e-03 8.695995919022481146e-04 -8.647199832252802087e-01 5.022031627936625053e-01
1.333657741550000075e+01 3.780233764648437500e+01 -5.140539550781250000e+01 -8.899327516555786133e-01 9.329420914119724087e-03 3.725374003612502705e-04 -8.633649232854168076e-01 5.044936395651178351e-01
1.353526544570000034e+01 3.665550613403320312e+01 -5.353413009643554688e+01 -9.245886802673339844e-01 1.014256383527421292e-02 3.124140701836641831e-03 -8.610779129744851046e-01 5.083622683984596602e-01
1.364210319520000070e+01 3.593408966064453125e+01 -5.496749877929687500e+01 -9.344453811645507812e-01 8.756965522990987558e-03 9.755021458490609199e-03 -8.594620044198565401e-01 5.110315235577698179e-01
1.375418853759999926e+01 3.555708694458007812e+01 -5.568600463867187500e+01 -9.488546848297119141e-01 8.709836669230783951e-03 1.116911794254593637e-02 -8.582894190176910687e-01 5.129704306798342772e-01
1.385176062580000078e+01 3.516167449951171875e+01 -5.642933654785156250e+01 -9.573580026626586914e-01 7.150546103829510773e-03 1.010556482028635017e-02 -8.572859991954465686e-01 5.146916191600025003e-01
1.399474191670000067e+01 3.476913833618164062e+01 -5.718641662597656250e+01 -9.643048048019409180e-01 4.188635056846671048e-03 7.673239142837684490e-03 -8.564401736640270268e-01 5.161722635629975020e-01
1.416317486760000044e+01 3.399634170532226562e+01 -5.867070388793945312e+01 -9.775639176368713379e-01 1.262019132223586755e-03 7.440767459025221520e-03 -8.553582828424236562e-01 5.179819014793778376e-01
1.427103614810000032e+01 3.359620666503906250e+01 -5.942829513549804688e+01 -9.847573637962341309e-01 3.513941602674439460e-03 7.416050703214827067e-03 -8.549972473695093278e-01 5.185676054256979084e-01
1.437865734100000026e+01 3.323665237426757812e+01 -6.014654541015625000e+01 -9.827301502227783203e-01 4.074328055106321740e-03 6.887755090229541466e-03 -8.548224494375161742e-01 5.188588812175826126e-01
1.458522677420000058e+01 3.245502090454101562e+01 -6.164161300659179688e+01 -9.961575865745544434e-01 -4.314405533807754372e-05 9.791973184319902046e-03 -8.547571601072212477e-01 5.189357500164987202e-01
1.469360256200000059e+01 3.206724929809570312e+01 -6.239934158325195312e+01 -9.980938434600830078e-01 1.307658631806591916e-04 1.035448399862615165e-02 -8.550493557805639577e-01 5.184432145767302602e-01
1.479157996180000012e+01 3.167397689819335938e+01 -6.315769577026367188e+01 -1.000701546669006348e+00 5.054696170614656533e-04 1.078267998557924656e-02 -8.553229152949837211e-01 5.179828075178604108e-01
1.488577413560000018e+01 3.127097320556640625e+01 -6.393537902832031250e+01 -1.003557324409484863e+00 -1.357134967814377542e-03 1.006088169753949213e-02 -8.558156857768415282e-01 5.171812533555920632e-01
1.503814673419999970e+01 3.086393928527832031e+01 -6.471335601806640625e+01 -1.009221196174621582e+00 -3.065840314791054132e-03 8.880108885625404014e-03 -8.561145123711360050e-01 5.167007702692880677e-01
1.519658017160000085e+01 3.004067611694335938e+01 -6.629510498046875000e+01 -1.001560330390930176e+00 -3.504123301345530173e-03 6.414504668216580718e-03 -8.565774620547169649e-01 5.159666915118161779e-01
1.531636285779999973e+01 2.961374473571777344e+01 -6.710104370117187500e+01 -9.968569278717041016e-01 -3.936669719922870729e-03 5.613264780396587383e-03 -8.568396614785092069e-01 5.155373782834907770e-01
1.552149772639999981e+01 2.874975967407226562e+01 -6.873110198974609375e+01 -9.999925494194030762e-01 -2.915024046225923697e-03 8.686592782705782056e-03 -8.575593844007635136e-01 5.143033618078154401e-01
1.572486972809999983e+01 2.787317657470703125e+01 -7.039235687255859375e+01 -9.962167739868164062e-01 -3.539724717547657745e-03 8.202105001335890933e-03 -8.583028986676324301e-01 5.130656195470623127e-01
1.587412738799999978e+01 2.742179870605468750e+01 -7.123385620117187500e+01 -9.994910955429077148e-01 -4.934990094956667739e-03 6.856643567377362913e-03 -8.584178318909642114e-01 5.128815245291733493e-01
1.603587341309999914e+01 2.652264022827148438e+01 -7.293873596191406250e+01 -9.967955350875854492e-01 -1.996432290011668133e-03 4.265991222240028691e-03 -8.585579420532414296e-01 5.126949148512260912e-01
1.614129495619999943e+01 2.606084823608398438e+01 -7.380368804931640625e+01 -9.989588260650634766e-01 1.061827800798533818e-03 4.965979297026579253e-03 -8.586452196043323770e-01 5.125452159780353734e-01
1.643862247470000071e+01 2.512700080871582031e+01 -7.556556701660156250e+01 -9.938835501670837402e-01 2.102462095638345154e-03 5.225971076373903124e-03 -8.581305682854576400e-01 5.134006200361697081e-01
1.662757825850000160e+01 2.415532493591308594e+01 -7.736966705322265625e+01 -9.963339567184448242e-01 -1.614164368792180351e-03 6.403152375477949576e-03 -8.577669598903653325e-01 5.139963391245965241e-01
1.674912762639999997e+01 2.318392372131347656e+01 -7.919776916503906250e+01 -1.015823006629943848e+00 -6.142025886234985747e-04 8.882034753470269273e-03 -8.580655017735967505e-01 5.134630725571650567e-01
1.686778831479999852e+01 2.268789291381835938e+01 -8.012075805664062500e+01 -1.024526357650756836e+00 1.256841154314310540e-03 1.146998091741391335e-02 -8.582767283063743591e-01 5.130574212851547466e-01
1.697745275500000162e+01 2.219545745849609375e+01 -8.105028533935546875e+01 -1.027846455574035645e+00 1.692812653946952715e-03 1.041148656235169057e-02 -8.584278638166510378e-01 5.128258358897894720e-01
1.707690620420000016e+01 2.169441795349121094e+01 -8.198537445068359375e+01 -1.038034558296203613e+00 1.022520842491284054e-03 8.420825475585091979e-03 -8.584714895480970442e-01 5.127911327065898250e-01
1.718590593340000083e+01 2.069417953491210938e+01 -8.387046051025390625e+01 -1.044108152389526367e+00 1.749970514355926121e-03 7.587824740731052842e-03 -8.594608744462511885e-01 5.111422187757412861e-01
1.743543457979999900e+01 2.018078613281250000e+01 -8.481678771972656250e+01 -1.047472476959228516e+00 4.515568194780904265e-03 8.077089317674812641e-03 -8.601306555866572445e-01 5.099898289104403126e-01
1.758463644980000140e+01 1.912997817993164062e+01 -8.675537109375000000e+01 -1.087357997894287109e+00 6.709356797346908638e-03 6.391933835595109414e-03 -8.619436377198053112e-01 5.069194148062944327e-01
1.769485115999999891e+01 1.859971809387207031e+01 -8.770365142822265625e+01 -1.099254369735717773e+00 8.026641410040995239e-03 5.362187487096381489e-03 -8.628121385905875851e-01 5.054325211873138546e-01
1.778611469270000001e+01 1.808990669250488281e+01 -8.863722229003906250e+01 -1.107919216156005859e+00 9.944094522422546739e-03 4.413272070085016985e-03 -8.637476187647743497e-01 5.038071943630284544e-01
1.790047144889999942e+01 1.755427551269531250e+01 -8.958225250244140625e+01 -1.117726206779479980e+00 1.084649723349918535e-02 2.827134664101449424e-03 -8.644390092502779455e-01 5.026127337162799025e-01
1.799202418329999986e+01 1.702664566040039062e+01 -9.052821350097656250e+01 -1.128129363059997559e+00 1.032966109886847977e-02 6.532979210784883861e-04 -8.651071375435703814e-01 5.014803205257198915e-01
1.811685061449999878e+01 1.649132728576660156e+01 -9.147075653076171875e+01 -1.135027647018432617e+00 8.980813025857429729e-03 -1.536138493752781109e-03 -8.655788094804217625e-01 5.006898339834537914e-01
1.821401214600000174e+01 1.594325637817382812e+01 -9.242868041992187500e+01 -1.137964010238647461e+00 8.882901867393447337e-03 -3.780941721482689033e-03 -8.659231778011786673e-01 5.000838416513990747e-01
1.837281513210000128e+01 1.539923191070556641e+01 -9.337452697753906250e+01 -1.145174622535705566e+00 8.848674575482285906e-03 -2.937627955125643453e-03 -8.657289471871174591e-01 5.004262795882528092e-01
1.852105093000000124e+01 1.432555770874023438e+01 -9.530700683593750000e+01 -1.158604145050048828e+00 1.251696354605001150e-02 -3.159596859689917103e-03 -8.639451904548671735e-01 5.034203516557250735e-01
1.861345624919999864e+01 1.379267215728759766e+01 -9.625990295410156250e+01 -1.174429535865783691e+00 1.373598877716127042e-02 -2.311877729907041434e-03 -8.626174028960582607e-01 5.056651006887212807e-01
1.871960735320000069e+01 1.326019096374511719e+01 -9.722670745849609375e+01 -1.192006826400756836e+00 1.558194104803812575e-02 -2.145239795601328048e-03 -8.612984333498212575e-01 5.078558946872019364e-01
1.882272577290000015e+01 1.274000453948974609e+01 -9.818127441406250000e+01 -1.205200433731079102e+00 1.654888746494689866e-02 -2.390634408861780358e-03 -8.600196738728608237e-01 5.099868427150000549e-01
1.894021201130000165e+01 1.221405410766601562e+01 -9.914546966552734375e+01 -1.220468640327453613e+00 1.480539426891869237e-02 -3.445580826881400327e-03 -8.590429663465803944e-01 5.116777406178378840e-01
1.904599094390000147e+01 1.170758438110351562e+01 -1.001036148071289062e+02 -1.234878897666931152e+00 1.247958670169425216e-02 -4.211310451862293469e-03 -8.585596785709531664e-01 5.125444401339015466e-01
1.914582276340000178e+01 1.119882488250732422e+01 -1.010641021728515625e+02 -1.245071768760681152e+00 1.284458788243552675e-02 -4.560706630806543593e-03 -8.581812425312056458e-01 5.131658323434581392e-01
1.926457238200000077e+01 1.068283081054687500e+01 -1.020305938720703125e+02 -1.252817153930664062e+00 1.393981284252586265e-02 -4.116636381145344359e-03 -8.577730660217282033e-01 5.138230260804833582e-01
1.944430089000000095e+01 9.642567634582519531e+00 -1.039952316284179688e+02 -1.289319872856140137e+00 9.949922939156799137e-03 -6.618676064186868047e-03 -8.567513103103848726e-01 5.155912959332238366e-01
1.956175708769999844e+01 9.122285842895507812e+00 -1.049735183715820312e+02 -1.282132625579833984e+00 8.728517745860779262e-03 -7.356610458785661777e-03 -8.561358160992109667e-01 5.166247745246592693e-01
1.965382933620000117e+01 8.618741989135742188e+00 -1.059666290283203125e+02 -1.283425092697143555e+00 9.000020661195807375e-03 -7.155498754333633471e-03 -8.556149809442009646e-01 5.174850750017137013e-01
1.977535367009999945e+01 8.117787361145019531e+00 -1.069365463256835938e+02 -1.284332871437072754e+00 9.818052678628537769e-03 -5.293636823492930965e-03 -8.546303481224833964e-01 5.191170882554566601e-01
1.986855459210000063e+01 7.622021198272705078e+00 -1.079151687622070312e+02 -1.289186954498291016e+00 1.165969987901087357e-02 -4.046452591584870362e-03 -8.534773829067698880e-01 5.209837180630174647e-01
1.997688102720000103e+01 7.118376731872558594e+00 -1.089019012451171875e+02 -1.295629262924194336e+00 1.237075410286102989e-02 -2.919156783208309847e-03 -8.522014265316479875e-01 5.230594340837615430e-01
2.008063745500000152e+01 6.627489089965820312e+00 -1.098731842041015625e+02 -1.297174930572509766e+00 9.674190274395564476e-03 -2.424866555367666265e-03 -8.512833631447196403e-01 5.246114425913126489e-01
2.018063545229999889e+01 6.140640258789062500e+00 -1.108593902587890625e+02 -1.295033931732177734e+00 4.830078814901174120e-03 -3.274610012644729728e-03 -8.508109783674790982e-01 5.254394602209464527e-01
2.029758238790000036e+01 5.635169029235839844e+00 -1.118845901489257812e+02 -1.286369681358337402e+00 -1.279931013187884481e-04 -2.976723505341172249e-03 -8.505794882461362727e-01 5.258380519797707375e-01
2.049153828620000084e+01 4.643808841705322266e+00 -1.138666992187500000e+02 -1.267493724822998047e+00 2.290354448649574610e-03 -3.492965187479324385e-04 -8.503111143007603401e-01 5.262752522825301371e-01
2.059808349609999922e+01 4.149147987365722656e+00 -1.148534545898437500e+02 -1.267009615898132324e+00 5.354648110773141574e-03 6.347871510941072160e-04 -8.505960388260999094e-01 5.257920725174829446e-01
2.069496178629999861e+01 3.636947631835937500e+00 -1.158738250732421875e+02 -1.274246573448181152e+00 7.357007744396002781e-03 2.815343235518352749e-03 -8.511992796482924506e-01 5.247835121321391405e-01
2.080327200889999872e+01 3.142150640487670898e+00 -1.168521118164062500e+02 -1.278063297271728516e+00 9.337945015279720470e-03 4.390707467933796515e-03 -8.517122418149848384e-01 5.239081805176510898e-01
2.091454720500000164e+01 2.643486976623535156e+00 -1.178358001708984375e+02 -1.286924362182617188e+00 9.192245941529505332e-03 4.010332542236816344e-03 -8.522565282566354483e-01 5.230279437003324539e-01
2.101273536680000120e+01 2.151666402816772461e+00 -1.188168258666992188e+02 -1.298107743263244629e+00 8.908640308320630100e-03 4.276765231302492865e-03 -8.528784836451994700e-01 5.220159360997312925e-01
2.110595679280000070e+01 1.644842386245727539e+00 -1.197995147705078125e+02 -1.304711222648620605e+00 9.940281143021293189e-03 3.755464611023939803e-03 -8.532736296014905575e-01 5.213551575682847661e-01
2.123219227790000119e+01 1.142068862915039062e+00 -1.207759475708007812e+02 -1.309485197067260742e+00 9.512786142566729761e-03 3.008125717669396515e-03 -8.535267160312552948e-01 5.209535517686518791e-01
2.139043807979999912e+01 1.267604827880859375e-01 -1.227352676391601562e+02 -1.319281220436096191e+00 1.759971996317488295e-03 -1.008368273262005843e-04 -8.538173719910299164e-01 5.205696760442716231e-01
2.152987170220000124e+01 -3.696367144584655762e-01 -1.236993865966796875e+02 -1.314985275268554688e+00 9.337186130797586660e-04 1.064839735358646955e-03 -8.541280742004333515e-01 5.200607917816423287e-01
2.163704323769999860e+01 -8.878490924835205078e-01 -1.246781234741210938e+02 -1.306194901466369629e+00 2.367336643107795149e-03 4.250162226413500832e-03 -8.546854920242114018e-01 5.191233394498832032e-01
2.173717284199999966e+01 -1.390200972557067871e+00 -1.256298751831054688e+02 -1.313774228096008301e+00 3.852099547280807799e-03 8.791746943878964160e-03 -8.553427729917560951e-01 5.179735584038298590e-01
2.184645509719999978e+01 -1.856964945793151855e+00 -1.265995254516601562e+02 -1.324456810951232910e+00 6.870056712269921248e-03 1.170493989356924391e-02 -8.561535664073723906e-01 5.165431902859579649e-01
2.195252251630000018e+01 -2.344457149505615234e+00 -1.275343170166015625e+02 -1.338284730911254883e+00 1.062414705280917936e-02 1.188548063549810241e-02 -8.566152098780520641e-01 5.157094579848660043e-01
2.205341744420000083e+01 -2.844015598297119141e+00 -1.284794158935546875e+02 -1.354864358901977539e+00 1.042891735034822895e-02 1.236017509375308965e-02 -8.571200238515248593e-01 5.148628249032098925e-01
2.215495896339999859e+01 -3.337037801742553711e+00 -1.294141998291015625e+02 -1.365708947181701660e+00 8.196676412397052233e-03 8.954547879573171443e-03 -8.574104876531359887e-01 5.144899282109166583e-01
2.227172303200000059e+01 -3.852922201156616211e+00 -1.303770599365234375e+02 -1.367279171943664551e+00 4.280780294496004494e-03 1.594604575769098531e-03 -8.575402264341822622e-01 5.143966292692131459e-01
2.243035173419999850e+01 -4.347269058227539062e+00 -1.312990264892578125e+02 -1.365491867065429688e+00 9.455121801658153413e-04 -3.413920604564690819e-03 -8.577667039557402839e-01 5.140269766634117943e-01
2.268228197099999832e+01 -5.298830509185791016e+00 -1.331341400146484375e+02 -1.331690788269042969e+00 7.742349892250147830e-03 -1.055476739235672312e-04 -8.581072563835592248e-01 5.134120970718502042e-01
2.277742791180000026e+01 -6.251214504241943359e+00 -1.349401397705078125e+02 -1.353513598442077637e+00 1.399969002215755223e-02 4.301240245366932946e-03 -8.580268481793716928e-01 5.133959834426136126e-01
2.288207483289999900e+01 -6.730295181274414062e+00 -1.358391876220703125e+02 -1.374912023544311523e+00 1.559671663367065593e-02 6.984535465576313662e-03 -8.580282887439625306e-01 5.133180441107501046e-01
2.297593545910000046e+01 -7.214382648468017578e+00 -1.367436370849609375e+02 -1.405699849128723145e+00 1.585604729526408907e-02 9.279215950736108276e-03 -8.580450288940926207e-01 5.132457601438569217e-01
2.308918213840000178e+01 -7.693433284759521484e+00 -1.376361236572265625e+02 -1.423162341117858887e+00 1.472207634542503120e-02 9.054357692450332173e-03 -8.579515386993721293e-01 5.134398078823224632e-01
2.319058847430000014e+01 -8.183359146118164062e+00 -1.385387725830078125e+02 -1.442624807357788086e+00 1.100860140421792630e-02 8.342262172460257474e-03 -8.578115314912084788e-01 5.137787401184252811e-01
2.330925917629999944e+01 -8.665056228637695312e+00 -1.394405059814453125e+02 -1.448863506317138672e+00 8.694971015710364556e-03 6.615503387027876769e-03 -8.577320928640240760e-01 5.139808259702628446e-01
2.341507315639999831e+01 -9.134571075439453125e+00 -1.403227691650390625e+02 -1.442537903785705566e+00 7.350013669903559567e-03 4.615129369084036703e-03 -8.576011022031357900e-01 5.142421874758291711e-01
2.351607608799999838e+01 -1.004938507080078125e+01 -1.420712432861328125e+02 -1.442884683609008789e+00 4.158137144669438005e-03 1.438158835047276263e-03 -8.575754430833307795e-01 5.143393831071850775e-01
2.371713662149999990e+01 -1.049614238739013672e+01 -1.429157714843750000e+02 -1.436441898345947266e+00 5.388519614864124493e-03 8.337347187795662862e-04 -8.575571923687304032e-01 5.143597287496751713e-01
2.380515408520000165e+01 -1.095794391632080078e+01 -1.437803039550781250e+02 -1.440902709960937500e+00 7.714148507382768277e-03 2.920717236951864137e-03 -8.575553581395389813e-01 5.143255477319739200e-01
2.392057585719999935e+01 -1.141039657592773438e+01 -1.446268463134765625e+02 -1.452499270439147949e+00 1.137457820475378488e-02 6.517315002346313335e-03 -8.576018483156393479e-01 5.141470736486043469e-01
2.401337075229999840e+01 -1.185329437255859375e+01 -1.454570007324218750e+02 -1.464735746383666992e+00 1.338188044352285958e-02 1.072102757703252696e-02 -8.578350214089129899e-01 5.136390375427642985e-01
2.413026475910000102e+01 -1.228781509399414062e+01 -1.462756042480468750e+02 -1.483597636222839355e+00 1.330901396583689111e-02 1.359377344562984202e-02 -8.584111322738718908e-01 5.126094102326401725e-01
2.421949553489999829e+01 -1.272316074371337891e+01 -1.470851440429687500e+02 -1.497287273406982422e+00 1.106793829164965000e-02 1.507118955304409536e-02 -8.588848385400028596e-01 5.118273088782399061e-01
2.434686255460000126e+01 -1.315289878845214844e+01 -1.478791809082031250e+02 -1.509570837020874023e+00 7.215148544507973653e-03 1.452935435661417696e-02 -8.591671862231925472e-01 5.114377631841263705e-01
2.444852614399999879e+01 -1.356325054168701172e+01 -1.486497650146484375e+02 -1.517956018447875977e+00 4.882070084825159556e-03 1.170449721538247001e-02 -8.592943212443180379e-01 5.113242020615575978e-01
2.454940986629999955e+01 -1.396657466888427734e+01 -1.494058227539062500e+02 -1.517567753791809082e+00 3.610778315880988718e-03 8.668584691088998539e-03 -8.591006265032413713e-01 5.117205599359332391e-01
2.464274215700000070e+01 -1.436932659149169922e+01 -1.501547088623046875e+02 -1.525676488876342773e+00 3.463936691778302969e-03 6.279094217952918555e-03 -8.582258105475929488e-01 5.132222055097812596e-01
2.475366997720000128e+01 -1.474324417114257812e+01 -1.508721160888671875e+02 -1.531667709350585938e+00 4.875681882180391002e-03 4.458464039955201130e-03 -8.570323158521253593e-01 5.152203018221729325e-01
2.484595775600000067e+01 -1.508290672302246094e+01 -1.515533752441406250e+02 -1.526458621025085449e+00 7.885326020032954256e-03 4.906249444353805167e-03 -8.559323238184931570e-01 5.170044558730819695e-01
2.496023058890000001e+01 -1.542617034912109375e+01 -1.522358093261718750e+02 -1.534620523452758789e+00 9.599875967777473512e-03 5.657448642359841351e-03 -8.551120288793915281e-01 5.183235029612617284e-01
2.505138802529999964e+01 -1.575361728668212891e+01 -1.528749084472656250e+02 -1.551464915275573730e+00 9.231462338079107419e-03 5.054595250125970551e-03 -8.539385856347055936e-01 5.202673573598061152e-01
2.516965222359999999e+01 -1.607728576660156250e+01 -1.535128479003906250e+02 -1.542899131774902344e+00 8.147458433264406774e-03 3.131037289493820985e-03 -8.526046026120414068e-01 5.224836907802314911e-01
2.527481198310000110e+01 -1.638351249694824219e+01 -1.541322937011718750e+02 -1.544850707054138184e+00 6.583806003840377008e-03 1.821592558566509368e-03 -8.514296191271806258e-01 5.244243882315152705e-01
2.537974953650000032e+01 -1.667630577087402344e+01 -1.547214355468750000e+02 -1.548740029335021973e+00 6.540752492686941963e-03 1.188209468930057078e-03 -8.502191192520844876e-01 5.263869830963689989e-01
2.549429011340000173e+01 -1.695489501953125000e+01 -1.552832794189453125e+02 -1.545428872108459473e+00 6.058032133596912699e-03 2.371080704636874259e-03 -8.489685803242263962e-01 5.284032814482028106e-01
2.559632897379999861e+01 -1.745240020751953125e+01 -1.563393554687500000e+02 -1.541858792304992676e+00 3.785402191751778729e-03 6.578344207261777044e-03 -8.470288039235707167e-01 5.314928046940455841e-01
2.579420733450000114e+01 -1.768679428100585938e+01 -1.568340911865234375e+02 -1.544295191764831543e+00 1.780571738871886090e-03 6.534140685724221242e-03 -8.462770557757697265e-01 5.326999900856737025e-01
2.588455724720000006e+01 -1.792011833190917969e+01 -1.573210754394531250e+02 -1.539731860160827637e+00 -7.261905946539028449e-05 5.779925470284164035e-03 -8.459032399177898176e-01 5.333050683095149624e-01
2.600098896029999906e+01 -1.815533256530761719e+01 -1.578058166503906250e+02 -1.538350343704223633e+00 -1.434452810124933406e-03 6.937495676582527970e-03 -8.459904534815460009e-01 5.331509787264400169e-01
2.609256196020000118e+01 -1.838130760192871094e+01 -1.582794342041015625e+02 -1.531315088272094727e+00 -2.106846707326973794e-03 1.010389643333531318e-02 -8.464635615973770122e-01 5.323466082935999211e-01
2.620593619350000125e+01 -1.861005401611328125e+01 -1.587505950927734375e+02 -1.535921335220336914e+00 -1.997040733447146606e-03 1.372094795859291061e-02 -8.470339793209477053e-01 5.313578693226883587e-01
2.632155752179999908e+01 -1.884377479553222656e+01 -1.592222137451171875e+02 -1.538421869277954102e+00 -3.484769393095418929e-05 1.547556307322084379e-02 -8.476097552445649441e-01 5.303943896266753999e-01
2.642318415640000140e+01 -1.906875610351562500e+01 -1.596855163574218750e+02 -1.537415266036987305e+00 2.118695761308502651e-03 1.497630141160855022e-02 -8.482761477566896913e-01 5.293380759697630111e-01
2.653251719469999870e+01 -1.929639244079589844e+01 -1.601405181884765625e+02 -1.533520460128784180e+00 1.798232965208184731e-03 1.352583136518969997e-02 -8.489595996510623799e-01 5.282815692454075895e-01
2.663076043130000059e+01 -1.952947998046875000e+01 -1.606009979248046875e+02 -1.534013986587524414e+00 2.123433473564533707e-04 1.302987766196506136e-02 -8.496919821868753608e-01 5.271183098752648677e-01
2.672215437890000089e+01 -1.975257873535156250e+01 -1.610594787597656250e+02 -1.531863093376159668e+00 -1.291527692417066388e-03 1.400433108616161437e-02 -8.504255418285032730e-01 5.259074143542242785e-01
2.683355045320000087e+01 -1.998009490966796875e+01 -1.615085601806640625e+02 -1.537851691246032715e+00 -2.298540152714485113e-03 1.401548514522199529e-02 -8.509547721258194919e-01 5.250469109380661026e-01
2.692539477349999899e+01 -2.020831871032714844e+01 -1.619608459472656250e+02 -1.546694874763488770e+00 -2.819149501901751891e-03 1.312453831171467300e-02 -8.514743374547277810e-01 5.242244286049849711e-01
2.704223108289999900e+01 -2.043429374694824219e+01 -1.624029846191406250e+02 -1.547122478485107422e+00 -1.523602388510515411e-03 1.358853642872503986e-02 -8.522172395589894256e-01 5.230093755487975615e-01
2.713479232790000140e+01 -2.066215705871582031e+01 -1.628482360839843750e+02 -1.545814275741577148e+00 6.266498685764162590e-04 1.536841561530799538e-02 -8.529241007557801790e-01 5.218082957000219624e-01
2.724676728249999869e+01 -2.089142417907714844e+01 -1.632947387695312500e+02 -1.557014703750610352e+00 1.648202850955631567e-03 1.649984753754951683e-02 -8.535968786596140889e-01 5.206701520167670294e-01
2.734299945829999956e+01 -2.111764526367187500e+01 -1.637330322265625000e+02 -1.560426235198974609e+00 1.478004714172927387e-03 1.776880566780569826e-02 -8.542798694958207983e-01 5.195074490528583944e-01
2.744378471370000128e+01 -2.134794425964355469e+01 -1.641705780029296875e+02 -1.564979314804077148e+00 1.605265100967211405e-03 1.883265116721133392e-02 -8.547785160990336584e-01 5.186486699004483336e-01
2.756790351869999967e+01 -2.157612800598144531e+01 -1.646085968017578125e+02 -1.567377567291259766e+00 2.214802425384180661e-03 1.944519663123633890e-02 -8.550756078016702455e-01 5.181338474957928319e-01
2.766357016559999948e+01 -2.179457092285156250e+01 -1.650396881103515625e+02 -1.571287035942077637e+00 2.142612533020030793e-03 1.976232025255308944e-02 -8.553873113015678653e-01 5.176073874801674357e-01
2.775948953629999849e+01 -2.201610755920410156e+01 -1.654705047607421875e+02 -1.582517027854919434e+00 2.098820210871434836e-03 1.810689135186138721e-02 -8.551154909828695416e-01 5.181170065925458923e-01
2.787142705919999841e+01 -2.223364639282226562e+01 -1.659035949707031250e+02 -1.592469334602355957e+00 1.504504556488958037e-03 1.638135532908002734e-02 -8.538792421782186448e-01 5.202111373671010064e-01
2.795818614959999948e+01 -2.243811988830566406e+01 -1.663310394287109375e+02 -1.590527892112731934e+00 1.193300324068706118e-03 1.570143215815811288e-02 -8.519538485346483947e-01 5.233800540998101436e-01
2.808049345019999876e+01 -2.262548446655273438e+01 -1.667450103759765625e+02 -1.591084361076354980e+00 1.031116658626441470e-03 1.667585980347396912e-02 -8.493717941941052452e-01 5.275304803760043626e-01
2.816630434989999898e+01 -2.280312919616699219e+01 -1.671627807617187500e+02 -1.599613666534423828e+00 2.022894230125331025e-03 1.620696465699433819e-02 -8.453478091383281878e-01 5.339665942552669353e-01
2.829537987710000024e+01 -2.295902252197265625e+01 -1.675752105712890625e+02 -1.611636757850646973e+00 3.775067029475530529e-03 1.347677627943977274e-02 -8.394948638954431441e-01 5.431873515309504352e-01
2.840093660349999993e+01 -2.310414314270019531e+01 -1.679901885986328125e+02 -1.617780089378356934e+00 5.659539369130031118e-03 1.040533829139944633e-02 -8.313556948531111157e-01 5.556144411230433677e-01
2.849431276319999995e+01 -2.322644042968750000e+01 -1.683982238769531250e+02 -1.618962764739990234e+00 7.018267192249978866e-03 9.720482833103116782e-03 -8.210525064695288755e-01 5.707267627851475567e-01
2.861403942109999932e+01 -2.332522392272949219e+01 -1.688070983886718750e+02 -1.613235950469970703e+00 6.919092818113700000e-03 1.117842697850701672e-02 -8.091642149475908319e-01 5.874354791575918666e-01
2.871366167069999875e+01 -2.345408821105957031e+01 -1.696290283203125000e+02 -1.625828623771667480e+00 3.584276599334221963e-03 1.054748226561696978e-02 -7.836300526223416441e-01 6.211278807187957662e-01
2.891008067130000114e+01 -2.349771881103515625e+01 -1.700372314453125000e+02 -1.632155418395996094e+00 2.905158161699754847e-03 8.212184806256961345e-03 -7.699545371616368650e-01 6.380392862363362116e-01
2.901297140120000151e+01 -2.351576614379882812e+01 -1.704439239501953125e+02 -1.635488629341125488e+00 2.965415583318125898e-03 6.476673479200112382e-03 -7.557645242955205456e-01 6.548047364118768643e-01
2.912185716629999988e+01 -2.351858520507812500e+01 -1.708515014648437500e+02 -1.642045378684997559e+00 2.234961814676709926e-03 6.944026965267968698e-03 -7.412553720807769642e-01 6.711834762541324384e-01
2.922913384439999973e+01 -2.350123214721679688e+01 -1.712308502197265625e+02 -1.648940920829772949e+00 -2.273708268717945455e-04 8.867914381245123323e-03 -7.266440179938886690e-01 6.869568978551214844e-01
2.938951253890000004e+01 -2.346611976623535156e+01 -1.716133880615234375e+02 -1.653251409530639648e+00 -3.134187079659307446e-03 1.073499343309036735e-02 -7.115319210977275599e-01 7.025647742708983623e-01
2.953553438189999980e+01 -2.334402656555175781e+01 -1.724293670654296875e+02 -1.653315663337707520e+00 -6.069003701475951876e-03 8.707118063020269361e-03 -6.802791083972963282e-01 7.328763115064418354e-01
2.969387459749999891e+01 -2.325598907470703125e+01 -1.728265228271484375e+02 -1.657693266868591309e+00 -4.759816887455648945e-03 7.423189977634248038e-03 -6.641606996645221805e-01 7.475378287517536746e-01
2.993723821640000082e+01 -2.302559471130371094e+01 -1.736649322509765625e+02 -1.661746859550476074e+00 -3.801529314931502423e-03 9.832174166910179203e-03 -6.321797160684508032e-01 7.747500779720075670e-01
3.006449055670000092e+01 -2.272292900085449219e+01 -1.745139923095703125e+02 -1.676570534706115723e+00 -7.897709060706336812e-03 1.280849271594552974e-02 -6.008771900305692748e-01 7.991997067109732900e-01
3.037105536460000010e+01 -2.233509445190429688e+01 -1.753876953125000000e+02 -1.691862344741821289e+00 -5.637888032996376218e-03 8.706418957898698352e-03 -5.717357588790084044e-01 8.203722536181373703e-01
3.058285975460000117e+01 -2.172959518432617188e+01 -1.765227050781250000e+02 -1.699745774269104004e+00 -8.153988698235909230e-03 1.327558974585629770e-02 -5.355501216598923531e-01 8.443597209574146278e-01
3.086190629009999853e+01 -2.119000816345214844e+01 -1.774829559326171875e+02 -1.717361807823181152e+00 -4.434346426013368279e-03 1.515604732145237055e-02 -5.196427486298615950e-01 8.542376979493275790e-01
3.099927473070000161e+01 -2.061196708679199219e+01 -1.784734802246093750e+02 -1.743430972099304199e+00 3.120338334874921040e-03 1.572114019885462177e-02 -5.083777575245100877e-01 8.609849969040538342e-01
3.120605754849999869e+01 -1.998298645019531250e+01 -1.795101928710937500e+02 -1.776271104812622070e+00 6.312316878888139457e-03 1.684774253921994536e-02 -4.985580427059773667e-01 8.666695946438511822e-01
3.136385416979999974e+01 -1.964452934265136719e+01 -1.800451049804687500e+02 -1.794514775276184082e+00 8.760423657615659665e-03 1.539786765068773544e-02 -4.931428039339199598e-01 8.697679780132989702e-01
3.150881600379999981e+01 -1.893873596191406250e+01 -1.811465148925781250e+02 -1.826046586036682129e+00 7.147074268523932912e-03 1.133746341591956863e-02 -4.835640674607822320e-01 8.752063607592652783e-01
3.162843775749999864e+01 -1.855807685852050781e+01 -1.817190093994140625e+02 -1.845069289207458496e+00 4.675321526530878437e-03 9.843951568319964096e-03 -4.800990574710986558e-01 8.771465858119195103e-01
3.173287057880000006e+01 -1.779583168029785156e+01 -1.828937835693359375e+02 -1.865339517593383789e+00 -3.635801851275599411e-04 1.009850930167466299e-02 -4.781590682691873040e-01 8.782151179245751837e-01
3.201710605619999939e+01 -1.741256141662597656e+01 -1.834942474365234375e+02 -1.875013232231140137e+00 -7.572165806490342883e-04 1.261489121080394682e-02 -4.794897428287264729e-01 8.774564819208021671e-01
3.214652609830000074e+01 -1.661136245727539062e+01 -1.847593841552734375e+02 -1.893965005874633789e+00 -2.824517669392608964e-03 1.512445158081043850e-02 -4.836507899140705669e-01 8.751258118006864928e-01
3.234911799430000201e+01 -1.578850173950195312e+01 -1.860884094238281250e+02 -1.936866998672485352e+00 -1.762836902175625919e-03 1.567728495274423040e-02 -4.886944473870615258e-01 8.723123593275637910e-01
3.265390276910000011e+01 -1.496664237976074219e+01 -1.874658660888671875e+02 -1.969581127166748047e+00 -1.154260270205668872e-03 1.735473407616372477e-02 -4.944259233758600547e-01 8.690457336540480249e-01
3.277363157269999761e+01 -1.411412811279296875e+01 -1.889182739257812500e+02 -2.000051975250244141e+00 -2.635035653844224838e-03 1.547594723150202967e-02 -4.992944546063053379e-01 8.662901357188494966e-01
3.297553014759999712e+01 -1.326564598083496094e+01 -1.903935089111328125e+02 -2.038699388504028320e+00 -3.420400328741461660e-03 1.428779272706159897e-02 -5.036059626696799407e-01 8.638085402472729379e-01
3.318252730369999881e+01 -1.284331798553466797e+01 -1.911430358886718750e+02 -2.058833837509155273e+00 -2.312573776962970149e-03 1.763610219071098939e-02 -5.054455057678486352e-01 8.626751767618728861e-01
3.336718177800000262e+01 -1.199065113067626953e+01 -1.926622161865234375e+02 -2.087853193283081055e+00 8.644121037965235988e-05 1.786367859924387069e-02 -5.087686921983111121e-01 8.607178976608076404e-01
3.355170965189999777e+01 -1.114009571075439453e+01 -1.942015686035156250e+02 -2.113278388977050781e+00 -3.054165909547163459e-03 9.529744262200989802e-03 -5.108816121466871474e-01 8.595928305978919326e-01
3.374000024800000119e+01 -1.029737377166748047e+01 -1.957337341308593750e+02 -2.128406763076782227e+00 1.347516745666257464e-03 1.059105431776452555e-02 -5.122320866587494193e-01 8.587807072613369286e-01
3.398693680760000291e+01 -9.472017288208007812e+00 -1.972489929199218750e+02 -2.151618242263793945e+00 5.968991475025784213e-03 1.076367985485715550e-02 -5.125352956503738122e-01 8.585779434910596475e-01
3.420379018780000280e+01 -8.641050338745117188e+00 -1.987616271972656250e+02 -2.174693822860717773e+00 9.170809903437503879e-03 8.789939218199815940e-03 -5.120010456799067855e-01 8.588908908801733411e-01
3.442763257029999835e+01 -7.838816642761230469e+00 -2.002337799072265625e+02 -2.187855005264282227e+00 8.179600094162207957e-03 4.337868135255940061e-03 -5.111921861747694695e-01 8.594165612996997883e-01
3.453274869919999901e+01 -7.019391059875488281e+00 -2.017102661132812500e+02 -2.212056398391723633e+00 1.026081091430900046e-02 7.585372985744465169e-03 -5.112532625228292105e-01 8.593353707580126954e-01
3.485052037239999834e+01 -6.238046646118164062e+00 -2.031460571289062500e+02 -2.244316339492797852e+00 1.531158215381356151e-02 1.279121471662625353e-02 -5.119293965903631838e-01 8.587958041261305464e-01
3.500690746309999923e+01 -5.475172042846679688e+00 -2.045488586425781250e+02 -2.275103330612182617e+00 1.492425615635672130e-02 1.186951909107636371e-02 -5.131821013569258794e-01 8.580678947155732095e-01
3.520800900460000094e+01 -4.752704620361328125e+00 -2.059034423828125000e+02 -2.290395259857177734e+00 9.480768897115353019e-03 5.707487986143400249e-03 -5.150924955806225336e-01 8.570631602154732409e-01
3.541953611369999777e+01 -4.075847625732421875e+00 -2.071815185546875000e+02 -2.296830892562866211e+00 1.126247161618232351e-02 4.248432913432131919e-03 -5.184294752273200801e-01 8.550356640318582668e-01
3.556240534780000218e+01 -3.460285186767578125e+00 -2.083592224121093750e+02 -2.308783054351806641e+00 1.879590631253365979e-02 6.982979393713173444e-03 -5.216408077392953313e-01 8.529295513732498835e-01
3.567552089689999661e+01 -3.177900314331054688e+00 -2.089138641357421875e+02 -2.316231250762939453e+00 2.276905317872787021e-02 6.421143492987946289e-03 -5.229389933647085043e-01 8.520417527048143036e-01
3.578027892109999897e+01 -2.910186767578125000e+00 -2.094488983154296875e+02 -2.325912714004516602e+00 2.586901426661849732e-02 5.901205117391450372e-03 -5.245609480024419069e-01 8.509593302325418884e-01
3.587611293789999678e+01 -2.666850805282592773e+00 -2.099510650634765625e+02 -2.327187538146972656e+00 2.534271465974065676e-02 5.802980255707246293e-03 -5.264865224660411069e-01 8.497858635535434635e-01
3.599533176420000302e+01 -2.431760072708129883e+00 -2.104296112060546875e+02 -2.333629369735717773e+00 2.573338334446822681e-02 3.486777297214915805e-03 -5.281174272368130973e-01 8.487741857611457164e-01
3.610041856769999669e+01 -2.210725069046020508e+00 -2.108819732666015625e+02 -2.343170642852783203e+00 2.616308355125402524e-02 2.715053314464199730e-03 -5.295916317540623197e-01 8.478448119323838128e-01
3.621746540070000009e+01 -1.817620038986206055e+00 -2.117172088623046875e+02 -2.363956212997436523e+00 2.702201146925720804e-02 3.379402662485819775e-03 -5.331160049816414670e-01 8.456037581315583029e-01
3.640737509729999744e+01 -1.636958718299865723e+00 -2.121063690185546875e+02 -2.373284339904785156e+00 2.544663573220961456e-02 4.429762767365619247e-03 -5.344834999477804383e-01 8.447841346848962152e-01
3.650814247129999757e+01 -1.464056611061096191e+00 -2.124731140136718750e+02 -2.377451658248901367e+00 2.492147469124288139e-02 6.222972024150896786e-03 -5.359507699198678976e-01 8.438583808558763888e-01
3.660772204399999907e+01 -1.295498847961425781e+00 -2.128281097412109375e+02 -2.380590915679931641e+00 2.546814600681293964e-02 7.208756047479059070e-03 -5.372151123097302916e-01 8.430298514769616336e-01
3.671186447139999842e+01 -1.146539092063903809e+00 -2.131661987304687500e+02 -2.387058258056640625e+00 2.548312051721405083e-02 7.558000633544836866e-03 -5.383414389828696800e-01 8.423075342587061920e-01
3.681198525429999791e+01 -9.934014081954956055e-01 -2.134941406250000000e+02 -2.391698122024536133e+00 2.516407067784701135e-02 7.152844524979551366e-03 -5.394849914933012025e-01 8.415887061478394271e-01
3.692562317849999687e+01 -8.543639183044433594e-01 -2.138043365478515625e+02 -2.399430274963378906e+00 2.330213277435865676e-02 6.016185046062272335e-03 -5.405211988309793769e-01 8.409861174478314716e-01
3.705298233029999722e+01 -7.131707668304443359e-01 -2.141159515380859375e+02 -2.405126094818115234e+00 2.167498064024508952e-02 4.602724255302281797e-03 -5.416966997329731859e-01 8.402819143847379824e-01
3.723556995389999713e+01 -4.402655065059661865e-01 -2.147277984619140625e+02 -2.416402578353881836e+00 1.816098475161850162e-02 5.076228210691202669e-03 -5.441584182444809681e-01 8.387705445434221474e-01
3.734585165979999744e+01 -3.081035315990447998e-01 -2.150330352783203125e+02 -2.424465417861938477e+00 1.665269970823482840e-02 5.819002982651921840e-03 -5.451340029305905555e-01 8.381633168097886166e-01
3.745250225070000027e+01 -1.878437101840972900e-01 -2.153219757080078125e+02 -2.429849863052368164e+00 1.604162927900127864e-02 6.202979036005751290e-03 -5.460788633036259831e-01 8.375572005744882365e-01
3.754886746409999887e+01 -5.481843650341033936e-02 -2.156227111816406250e+02 -2.438323497772216797e+00 1.595909825498381326e-02 5.719550875928680611e-03 -5.470364733252015554e-01 8.369370888977207823e-01
3.765713715550000273e+01 7.329660654067993164e-02 -2.159179992675781250e+02 -2.441887855529785156e+00 1.447495523736813672e-02 4.954265599121598918e-03 -5.474138823909705520e-01 8.367221595541104451e-01
3.775977325440000243e+01 2.084531784057617188e-01 -2.162039337158203125e+02 -2.440965652465820312e+00 1.315519367499775640e-02 4.467279134606427782e-03 -5.473953810459619707e-01 8.367587950574847389e-01
3.785747313499999933e+01 3.438730239868164062e-01 -2.164967346191406250e+02 -2.447175979614257812e+00 1.243862497815250573e-02 4.180437197943365213e-03 -5.466215158233503901e-01 8.372769691042918350e-01
3.794910264020000312e+01 4.658987820148468018e-01 -2.167660522460937500e+02 -2.449266433715820312e+00 1.293837194659950250e-02 3.986392267828486879e-03 -5.454082470998922183e-01 8.380611858351880716e-01
3.807041120529999745e+01 6.029559373855590820e-01 -2.170560150146484375e+02 -2.456366539001464844e+00 1.265468903602345527e-02 4.512104718417231375e-03 -5.438599874189197214e-01 8.390684202382450163e-01
3.822003245349999645e+01 7.409943938255310059e-01 -2.173371276855468750e+02 -2.460794687271118164e+00 1.238775234719554502e-02 3.957190415779576753e-03 -5.419416924465300101e-01 8.403154682760447525e-01
3.838622355460000080e+01 1.032867550849914551e+00 -2.179288940429687500e+02 -2.469598770141601562e+00 9.500106190903013365e-03 -2.960724283731508422e-04 -5.368556298806197447e-01 8.436205859205672120e-01
3.848753166200000209e+01 1.196574807167053223e+00 -2.182384643554687500e+02 -2.471639633178710938e+00 8.752577052144296793e-03 -9.672366777588869979e-04 -5.338609648462674384e-01 8.455264200848890965e-01
3.858404016490000288e+01 1.353157997131347656e+00 -2.185389862060546875e+02 -2.480058670043945312e+00 9.691775831843519109e-03 5.645505449369814244e-04 -5.302924328212198501e-01 8.477592149050695580e-01
3.869458198550000105e+01 1.527179837226867676e+00 -2.188547363281250000e+02 -2.490870475769042969e+00 1.104312349659933128e-02 2.985440380166237695e-03 -5.259318038985577592e-01 8.504498069946190286e-01
3.890409421919999744e+01 1.910300731658935547e+00 -2.195359954833984375e+02 -2.501098394393920898e+00 1.241187873971872670e-02 4.182463721667750711e-03 -5.168593074906725482e-01 8.559701563276784775e-01
3.900754523279999830e+01 2.113295078277587891e+00 -2.198888397216796875e+02 -2.507625102996826172e+00 1.260238493732887891e-02 4.201656185519597742e-03 -5.120972973089292779e-01 8.588247109090886289e-01
3.910773944849999850e+01 2.331938028335571289e+00 -2.202559051513671875e+02 -2.513289928436279297e+00 1.330773839558876265e-02 5.924902139721632821e-03 -5.073731635674472162e-01 8.616033150615133307e-01
3.938301086429999742e+01 2.812369585037231445e+00 -2.210368652343750000e+02 -2.535592794418334961e+00 1.385895766549915045e-02 8.039942352257578584e-03 -4.981570015570402354e-01 8.669388043103725128e-01
3.952212381359999682e+01 3.350988149642944336e+00 -2.218874053955078125e+02 -2.571176767349243164e+00 1.343429637789881996e-02 8.687541769811790715e-03 -4.909337730508371300e-01 8.710499852344281146e-01
3.962862086300000186e+01 3.631512165069580078e+00 -2.223315887451171875e+02 -2.578370571136474609e+00 1.117141454928461536e-02 8.718090716900217529e-03 -4.884867479323078965e-01 8.724562404417411932e-01
3.977080154419999758e+01 4.235262393951416016e+00 -2.232832031250000000e+02 -2.598953008651733398e+00 6.534466577620969344e-03 7.064279423756314458e-03 -4.862566792638923774e-01 8.737630334215454875e-01
3.994050240520000017e+01 4.551336288452148438e+00 -2.237881011962890625e+02 -2.619715929031372070e+00 4.618141743762392039e-03 6.144541731637587212e-03 -4.857706025925435656e-01 8.740525379121211191e-01
4.003116178509999656e+01 4.873062133789062500e+00 -2.243000183105468750e+02 -2.638429403305053711e+00 2.942781378281815376e-03 5.804026600012557324e-03 -4.853762709957685217e-01 8.742811497837688073e-01
4.014766764640000218e+01 5.209836959838867188e+00 -2.248310852050781250e+02 -2.648699760437011719e+00 1.877005520287299738e-03 8.013554661785660116e-03 -4.849827476092588019e-01 8.744849880434388822e-01
4.038278841969999888e+01 5.919965744018554688e+00 -2.259542694091796875e+02 -2.652986764907836914e+00 -3.839822200659876415e-03 7.646319250233069020e-03 -4.845285121021843389e-01 8.747336226117262692e-01
4.056542420390000103e+01 6.662024497985839844e+00 -2.271184387207031250e+02 -2.678057432174682617e+00 -7.040416195069997343e-03 1.002859770230135616e-02 -4.839948621026899378e-01 8.749850474300255865e-01
4.065321946139999909e+01 7.054902553558349609e+00 -2.277355041503906250e+02 -2.691563606262207031e+00 -6.595822669637165479e-03 1.470074114115160757e-02 -4.842048407263575549e-01 8.748062960166520519e-01
4.077532148360000264e+01 7.443632125854492188e+00 -2.283581390380859375e+02 -2.707455396652221680e+00 -5.511322702827788078e-03 1.906437330541677078e-02 -4.848106944200487045e-01 8.743939418640132022e-01
4.086617445950000160e+01 7.847954750061035156e+00 -2.290019989013671875e+02 -2.722940206527709961e+00 -4.542076782043500197e-03 1.874420029692558387e-02 -4.857907977191049387e-01 8.738623034238119924e-01
4.098095774650000322e+01 8.247224807739257812e+00 -2.296298217773437500e+02 -2.739645957946777344e+00 -4.531737940850190383e-03 1.684705088949545182e-02 -4.865712399170956659e-01 8.734666958236597667e-01
4.108726358410000046e+01 8.663901329040527344e+00 -2.303003082275390625e+02 -2.760372161865234375e+00 -4.037045888847594008e-03 1.538444185337128900e-02 -4.874577863344943252e-01 8.730016768318527021e-01
4.118884968759999765e+01 9.098453521728515625e+00 -2.309948272705078125e+02 -2.781169891357421875e+00 -2.885873823020999179e-03 1.446277165667653186e-02 -4.882085634571471378e-01 8.726023713785068248e-01
4.135352349280000084e+01 9.535155296325683594e+00 -2.316970825195312500e+02 -2.794919252395629883e+00 -2.906261742075911831e-03 1.422259994080599110e-02 -4.886807149051344834e-01 8.723419227421191913e-01
4.148262643809999872e+01 1.042807579040527344e+01 -2.331514892578125000e+02 -2.837822437286376953e+00 -2.038358809266474676e-03 1.111506132961237459e-02 -4.898905985411937669e-01 8.717106756062782402e-01
4.160453987119999653e+01 1.087845039367675781e+01 -2.338857269287109375e+02 -2.858863830566406250e+00 -3.835802740669159820e-04 1.327223948348921212e-02 -4.904352884952711822e-01 8.713764561450039192e-01
4.168944621090000169e+01 1.132582664489746094e+01 -2.346253051757812500e+02 -2.871099233627319336e+00 -9.124096248092099974e-04 1.756476107276128129e-02 -4.910985798968725002e-01 8.709264214044769581e-01
4.181286931040000354e+01 1.178733444213867188e+01 -2.353786773681640625e+02 -2.890122175216674805e+00 -1.548378565668427024e-03 1.891788388583681702e-02 -4.916366608950433759e-01 8.705935388326012658e-01
4.190299582480000140e+01 1.275044250488281250e+01 -2.369741668701171875e+02 -2.933679819107055664e+00 -1.002019672391428820e-03 1.688359165175934429e-02 -4.929679719284365547e-01 8.698830490027252837e-01
4.211768746380000294e+01 1.324067783355712891e+01 -2.377797851562500000e+02 -2.954749107360839844e+00 -5.531278202808880733e-04 1.487261241045489957e-02 -4.940610201718244054e-01 8.692998376834538687e-01
4.221574258799999768e+01 1.372355747222900391e+01 -2.385841979980468750e+02 -2.974071741104125977e+00 2.160089390279615719e-04 1.348176862796135467e-02 -4.947077409347582222e-01 8.689548010765740793e-01
4.240050387379999819e+01 1.422887420654296875e+01 -2.394194641113281250e+02 -3.001910686492919922e+00 1.886097549241895228e-03 1.415338335078830667e-02 -4.947001816030659471e-01 8.689464049627310116e-01
4.251405096050000054e+01 1.523594093322753906e+01 -2.411064910888671875e+02 -3.038504838943481445e+00 2.857843135626857069e-03 1.500856661850114016e-02 -4.939407532939584233e-01 8.693613218311860846e-01
4.262961840629999699e+01 1.576068973541259766e+01 -2.419705200195312500e+02 -3.061893463134765625e+00 1.140784258497026457e-03 1.187996906206345571e-02 -4.937367194233761025e-01 8.695295376463083592e-01
4.272386169429999825e+01 1.627991294860839844e+01 -2.428464355468750000e+02 -3.089033126831054688e+00 -1.133734664489271073e-03 1.138739501494812068e-02 -4.932129392269335444e-01 8.698333394734955037e-01
4.284591817860000162e+01 1.680978393554687500e+01 -2.437191619873046875e+02 -3.104455471038818359e+00 1.746362218109785876e-04 1.276955697019921399e-02 -4.925837352360217247e-01 8.701713461714903897e-01
4.293753552439999766e+01 1.734175109863281250e+01 -2.445868835449218750e+02 -3.121766805648803711e+00 2.798408468436142799e-03 1.451439521383901532e-02 -4.923947047756926376e-01 8.702464914898986326e-01
4.304433560369999867e+01 1.787659454345703125e+01 -2.454685821533203125e+02 -3.148508071899414062e+00 4.135585740173348610e-03 1.717638869978599381e-02 -4.921154046499765511e-01 8.703506747903451135e-01
4.305460762980000311e+01 1.840324020385742188e+01 -2.463424377441406250e+02 -3.172517776489257812e+00 4.733741404974053935e-03 1.850160091033625775e-02 -4.918515534582209581e-01 8.704696041889119495e-01
